301  65.17774774581875
302  27.3355439956925
303  63.45642809816454
304  86.18613015911598
305  63.690388710939644
306  102.93450681151677
307  75.22553399564926
308  60.970534620480706
309  42.043569516433536
310  141.22278708587024
311  55.68342985268897
312  0.0
313  40.76375478260739
314  70.51643999789403
315  92.93828457325797
316  10.228818690495881
317  48.43426581698594
318  81.41857921646204
319  74.55054931930954
320  116.28028023539822
321  67.1375124536207
322  80.09022244418051
323  10.228818690495881
324  20.100798967636702
325  76.01970051351213
326  55.65908440888333
327  63.49134084181687
328  47.367324440108575
329  111.68105050014844
330  32.55970047984573
331  79.86350318357186
332  123.34475946868949
333  99.34934538379405
334  62.04137181505081
335  96.40272687255828
336  96.78613473032392
337  77.38527577083943
338  31.67913258786328
339  72.43422476706897
340  96.45489571057168
341  56.92668607122708
342  65.9081531354551
343  63.275273385286425
344  34.94329627007422
345  98.07554599168587
346  59.28634418271233
347  76.52694700984489
348  0.0
349  29.500006430661102
350  103.32745258291888
351  105.58938654482924
352  66.28179269966076
353  70.06878056120178
354  67.2950604068674
355  101.89460236027192
356  32.760493604053785
357  88.10545924887126
358  32.10525883610434
359  60.02490715846842
360  92.35167645621517
361  57.25392127385905
362  63.389798742564906
363  101.19324142421482
364  46.08323317482237
365  66.68056961162696
366  70.88188224121212
367  41.74796889914833
368  35.203010158924734
369  0.0
370  23.142502979419234
371  78.37675254101579
372  60.302696020445055
373  87.94683871778906
374  102.14769114442188
375  81.99877382558594
376  50.90414821452247
377  34.75167431380961
378  55.163892389763575
379  37.93631649554856
380  65.20015252939382
381  67.54805750496807
382  124.8131222394197
383  103.19219472511946
384  113.69859182747595
385  103.57906668333696
386  102.54172712093151
387  77.13436290859063
388  83.56490908954224
389  90.99657892391653
390  64.86735594973538
391  164.26604518402314
392  44.52874958496066
393  64.41289400185643
394  60.08665050894308
395  43.91060396185733
396  87.11473355464759
397  72.03473786402986
398  104.91869681608453
399  66.68875340089474
400  107.24068993596687
401  81.56763623537347
402  72.02637524491047
403  0.0
404  97.02562224578668
405  51.23815565925367
406  60.22757789941855
407  102.67159818190802
408  66.93311300577227
409  56.92102048615473
410  61.062778231696356
411  77.17122653122962
412  56.92668607122708
413  61.52468926774783
414  114.56796094458068
415  108.15008383439836
416  73.69430858411788
417  37.45401332636954
418  62.885461860000326
419  112.8758197216684
420  101.10794094759748
421  92.4928454596963
422  101.92583305026656
423  106.91226904377987
424  39.66966815391976
425  66.98262799108954
426  92.63524868692559
427  108.43029760226338
428  101.40551387455056
429  45.97462293520144
430  80.25057895553752
431  72.61871609018851
432  71.27252217391158
433  93.8797413571425
434  70.31964811489718
435  88.11427263334502
436  74.66186830535408
437  108.56084849383481
438  63.65351080470425
439  99.28372720317365
440  69.88280253491702
441  35.74580424470555
442  59.200643527667935
443  92.62503533761645
444  39.654940815609876
445  61.324067050295746
446  76.42296326026766
447  50.33995563876813
448  66.0894810201444
449  63.2831289325855
450  81.91452949775862
601  111.8336486201608
602  127.04673223479806
603  92.01284277287706
604  62.186916986313086
605  112.55266813174157
606  97.82453039897392
607  97.86901588229438
608  93.57593467291423
609  112.18090308278818
610  133.25119412103209
611  105.48296657898806
612  80.63826907625318
613  104.07692249418454
614  23.85615024088638
615  106.66657780565669
616  66.97013486715973
617  101.19103876683624
618  76.64163709014065
619  90.29614614112852
620  102.94136492208678
621  108.7862522601774
622  65.93586267247822
623  104.1314881227863
624  90.98534653641808
625  76.30704727707366
626  27.59886070922603
627  96.16326345995994
628  111.12122461669995
629  111.8313467652981
630  91.44582154626995
631  125.48081735162566
632  138.5996801273189
633  10.228818690495881
634  33.26895577920893
635  102.59680043448672
636  105.34069732485051
637  67.30201458439988
638  66.3023877098887
639  77.86445419364868
640  79.187426984747
641  105.60856276942356
642  102.87032158284511
643  113.03630093837384
644  75.91001708854492
645  79.13324442632599
646  87.71063656110363
647  70.10004736306509
648  81.92942348720565
649  36.4939509655614
650  114.647012785649
