301  7.936152048966143
302  7.365388959459935
303  13.934439232357033
304  13.64827464200723
305  6.093495820343741
306  10.510258361848136
307  9.14934786464397
308  5.321657538834765
309  13.798808693707883
310  11.523863804352175
311  10.919020048174595
312  0.0
313  5.662392779622016
314  12.910004904376107
315  13.028983002504003
316  4.765939503881254
317  15.73077791891987
318  9.337774688766826
319  8.251581582703768
320  8.329107713408693
321  10.344868134970715
322  9.500525413265143
323  8.526353006903616
324  3.830194295514236
325  14.117523654015528
326  15.356547302417852
327  12.57925287657903
328  5.59736250933983
329  11.074157170771946
330  13.454097667252206
331  8.91418234099277
332  9.194121610826631
333  12.462750382991288
334  11.494403074517649
335  10.927476935930045
336  10.676210837307059
337  13.032561153294374
338  5.009641506134891
339  4.826615637422119
340  10.122432823177007
341  9.673835225526371
342  11.559251701458386
343  9.431095773569561
344  5.2884862914204165
345  11.646111285832415
346  9.73854020646781
347  13.559785045305562
348  0.0
349  16.467743513086074
350  10.89973736584128
351  12.402555362620937
352  6.0564574228618095
353  12.947370341914421
354  10.64860098323792
355  11.139837738245216
356  2.252886566845244
357  9.57077713458055
358  6.122675545874814
359  6.162516076203895
360  8.978845516020817
361  14.508974593182062
362  9.859235891145076
363  11.254159074657057
364  13.843252648178282
365  13.60529713215326
366  10.90710195612482
367  14.008311894448777
368  5.718998084846012
369  -1.5849625007211563
370  3.7291907049411916
371  12.36129198258639
372  7.212093002594958
373  11.01028618860202
374  12.786962386488177
375  10.111336731999579
376  9.3054813322262
377  6.049254851710178
378  13.376132601058188
379  14.804778500363645
380  6.045604242448442
381  11.704222250690087
382  10.433364624454768
383  10.598452816534486
384  10.045461511331792
385  11.365731852912758
386  11.397139424689346
387  9.668019522321714
388  9.936445986638553
389  8.920158192439668
390  11.803032197368932
391  8.621519188281535
392  12.423349393727623
393  12.05411627333842
394  10.189011662287164
395  11.170062964445389
396  12.435505128256562
397  11.659775460927431
398  8.848463896588974
399  14.064066052057271
400  12.787646939410838
401  8.604024480746345
402  12.825556366997281
403  0.0
404  9.70332827812963
405  13.617523654015528
406  10.267398703750565
407  12.768015709726313
408  14.078522398014892
409  4.727663793298054
410  11.611384489126312
411  15.272756012845692
412  9.673835225526371
413  9.499148570545483
414  10.06850919994572
415  10.99766346007187
416  12.13507104701753
417  13.560852917477556
418  12.608334389358102
419  11.673839538878244
420  13.017338405800874
421  8.890617832205464
422  12.734672770282556
423  13.557303836077722
424  13.593274395169935
425  11.189703398242933
426  10.49303653237089
427  11.39408885856617
428  9.903971349815619
429  13.93589617542738
430  13.062161560354308
431  9.530156819622382
432  13.197285281916095
433  13.673895862691214
434  9.572908770303265
435  10.146799236371908
436  11.880558059849324
437  10.84758728527244
438  9.135013865533066
439  11.695649669170669
440  11.370570276466704
441  4.409543168523764
442  11.93664547176612
443  9.14507638207716
444  6.09736250933983
445  13.190449087247256
446  10.85802478598529
447  13.51697483252892
448  11.134483558136548
449  14.593274395169933
450  12.355574659815991
601  9.164820396910976
602  10.06032012606596
603  14.155530866751885
604  7.843980782656711
605  8.857185765170156
606  12.198155807602603
607  11.27389228681401
608  7.674718014032866
609  11.45599524862573
610  10.824848553102788
611  9.98488783413517
612  10.463840530290597
613  11.580252288352822
614  4.237618670307535
615  10.42117310753211
616  14.114447540524733
617  8.665711041574154
618  13.600486583616838
619  14.216114345698255
620  8.58741321488824
621  8.064253864144606
622  10.582090488655707
623  9.138451391753744
624  12.25829964152646
625  12.359519245750956
626  4.176133147833069
627  9.514388951879303
628  10.919481595659766
629  11.581180395071398
630  11.498263668462215
631  9.899958822789028
632  11.170241628707474
633  8.526353006903616
634  4.517948863060338
635  11.115520358347885
636  11.987453790549118
637  8.058419162270624
638  12.806779465642395
639  13.104924511924
640  10.657598107515835
641  7.566346377202459
642  11.293481991577597
643  8.079827013928284
644  11.49209919170595
645  12.986777533502835
646  10.421664789286957
647  12.09029976200434
648  8.957476340129407
649  14.88278101236492
650  11.221251053106847
