301  0.5287510405012187
302  0.8276005377467851
303  9.228818690495881
304  4.587214522627288
305  4.011577212793193
306  1.7258372231984478
307  0.9980641146788907
308  2.172550470849136
309  3.3461756411340398
310  1.7485540406431122
311  0.37239316187035004
312  0.0
313  0.37239316187035004
314  1.3040061868900998
315  0.8889686876112561
316  0.05889368905356862
317  0.05889368905356862
318  0.770991187735086
319  0.4472432057195593
320  2.602728746797837
321  -0.22239242133644802
322  0.7062696967899885
323  1.1237832197975917
324  1.1237832197975917
325  1.1237832197975917
326  1.1237832197975917
327  0.3990959554098223
328  0.3990959554098223
329  0.8795049631630579
330  2.1898997012035784
331  0.4036283574530412
332  3.337118136676049
333  3.2005849053242663
334  0.784033847822985
335  0.38332863955150565
336  1.1180026886270948
337  5.22881869049588
338  5.22881869049588
339  2.8029506988468325
340  0.7063997501733962
341  0.7307066036945239
342  2.9983037093391016
343  1.3019297261047411
344  1.3019297261047411
345  1.7607900639308758
346  0.9687392517969631
347  3.7693870718585836
348  0.0
349  0.0
350  1.3726519164386295
351  2.818669760111717
352  1.1173806265559263
353  1.736965594166206
354  0.5808463922489243
355  1.800924657708271
356  1.9449586364420377
357  0.8772755327861717
358  0.8611309342258356
359  0.4214637684382767
360  0.8250199108748322
361  4.473931188332412
362  1.1960215598809567
363  1.1291197138492322
364  0.0
365  4.199071347101829
366  1.944519163914699
367  0.0
368  1.2009126939259964
369  1.2009126939259964
370  1.2009126939259964
371  2.356578433507313
372  2.915935735211525
373  2.3307368076787216
374  5.040070572236358
375  3.1116085058514895
376  0.10469737866669322
377  0.10469737866669322
378  2.5706072077440862
379  0.0
380  2.5105310512656285
381  0.9620321498009795
382  2.0720326149419943
383  1.1753955305621107
384  2.745032584462009
385  1.112984864203839
386  2.4768696624908513
387  3.188176705998535
388  0.6681466183166265
389  0.8853771009014494
390  1.0242475462466771
391  1.3215892662617919
392  0.0
393  2.6177938931885287
394  1.6639615033644164
395  0.0
396  0.7035867037377228
397  1.8059129478836977
398  0.9171216407060269
399  4.0
400  4.214618729924909
401  0.9403530303506856
402  3.467267458051402
403  0.0
404  1.5637909499059386
405  1.9023892033735779
406  1.3328130624828776
407  3.0143063722766654
408  2.521459558414998
409  0.15467722774337553
410  1.521459558414998
411  1.521459558414998
412  0.7307066036945239
413  1.4913298922306102
414  2.7445094956887637
415  3.8772552744480717
416  4.468875048423608
417  0.0
418  2.15200309344505
419  1.952312797867976
420  5.836501267717121
421  1.8321414870831567
422  2.9391034530644666
423  5.503368266961966
424  0.0
425  2.337034987277571
426  1.7051085064250977
427  2.0465674904492244
428  1.8770731325477577
429  2.3487642798596777
430  3.1209666253145563
431  2.068316942940194
432  1.8257604025038017
433  3.7302003482001567
434  1.15888947903029
435  1.1702526813619925
436  2.1844245711374275
437  1.8778701677302578
438  0.9765833355688319
439  1.4656866442747782
440  1.8019549343150145
441  1.8019549343150145
442  2.0
443  0.6986575874364617
444  0.8283273362714205
445  0.8283273362714205
446  1.6832106284116104
447  2.514573172829758
448  0.927649155775316
449  0.927649155775316
450  0.7365771680368858
601  0.5316455829074255
602  3.1148898588233975
603  3.4474589769712214
604  3.5887282132734133
605  0.51205742383327
606  0.9516780757363921
607  0.727999184114344
608  0.714163666214572
609  2.5577108359333782
610  1.580501020189739
611  2.417418483196539
612  0.6307661903342809
613  1.9333832693450723
614  0.5283789723547887
615  1.4144900796295818
616  4.251538766995965
617  -0.11878222498393616
618  1.6595939430639899
619  8.228818690495881
620  1.6070617924439248
621  1.3964177777961488
622  2.375170116164342
623  2.386799436408968
624  0.945683683484592
625  1.9908294141084142
626  1.9908294141084144
627  0.6549020946997683
628  2.2434227079437328
629  3.162810252675843
630  2.624024627512023
631  2.1529842032035478
632  1.0173226361921293
633  -1.2428565238961635
634  -1.2428565238961635
635  1.1450730800871798
636  2.2052648668595007
637  2.4468532627280406
638  2.736965594166206
639  2.4058444574624898
640  0.6220852159760039
641  0.6950532656449194
642  3.32145810437154
643  2.2738925819909817
644  1.6758136230174918
645  4.404390255079336
646  1.5625233439265134
647  -0.10433665981473561
648  0.5866961881636111
649  0.0
650  3.4812376065232393
