301  2.1237733520786866
302  4.114409345247941
303  7.338010243172049
304  7.172177023348444
305  2.5054687768962376
306  4.351513373153253
307  3.3532068543229645
308  4.114409345247941
309  6.78749716581496
310  5.6073849437042
311  4.300605926183116
312  0.0
313  3.0294468445267846
314  5.76641243869299
315  6.310522856441392
316  3.4096062301652936
317  8.499102881177233
318  3.4174290083669505
319  2.557648428922304
320  4.648424732641947
321  3.842249087136036
322  3.3532733870218756
323  5.114409345247941
324  0.967098970802127
325  7.664177182023398
326  7.5326599791065005
327  5.313957322952851
328  3.4534452978042594
329  5.514357619165941
330  6.20935919584973
331  2.8564502511370318
332  4.626862090418871
333  6.11720804778988
334  5.162261242217093
335  4.439134688162085
336  4.209304881968567
337  6.436337440135302
338  1.9717082358168163
339  1.8420601049611909
340  3.905465043649207
341  3.217981669066696
342  4.569829779292322
343  3.311928910496052
344  2.337114919409122
345  5.084899107440495
346  3.1951015101176203
347  6.999102881177232
348  0.0
349  8.228818690495881
350  4.816253537532503
351  6.321928094887363
352  2.586166251905283
353  5.9828921423310435
354  4.001155080343601
355  4.653217507195024
356  1.2788337559057068
357  3.350660591507566
358  2.7641894861773944
359  2.4427847880155986
360  3.2432238531244324
361  7.351374939414146
362  3.48270431586977
363  4.897868741739725
364  7.421463768438277
365  6.421463768438277
366  4.778873993343466
367  6.906890595608519
368  2.6609640474436813
369  0.0
370  1.0922122855687137
371  6.124524372067763
372  3.276093586970718
373  4.954362943813803
374  6.0154037117550985
375  4.877732347813107
376  2.713312736777028
377  2.9182506338585608
378  6.399712949119984
379  7.22881869049588
380  2.524934436482047
381  4.59542542014843
382  5.263437636904378
383  4.616538903912975
384  4.8240456502289595
385  5.337568444016527
386  5.037041215942042
387  4.143856189774725
388  3.5185966648095843
389  3.2548010304958255
390  5.626533118371279
391  4.480516710404825
392  5.8365012677171215
393  4.762342244398524
394  3.3817485884576657
395  4.943416471633633
396  5.600761850793069
397  4.856401771746109
398  3.4083118544889857
399  7.114409345247941
400  6.624224960090202
401  2.8785834951066023
402  5.848043074273641
403  0.0
404  4.025436914043659
405  6.065603946934729
406  4.800375368262406
407  6.357402114599414
408  6.717634783981653
409  2.5958739795598142
410  4.875139124455439
411  8.29303371647668
412  3.217981669066696
413  3.4563968303344437
414  4.6405281602505175
415  5.2851485968470415
416  5.933840807845961
417  5.769387071858583
418  6.1904108919704655
419  5.590565744181929
420  6.4624160177001215
421  3.3765302749070067
422  6.002912143282212
423  7.398200991719324
424  6.141355849245541
425  4.490445588526148
426  4.261360319000539
427  5.368104696609621
428  4.05840820171582
429  7.050042688186839
430  6.203213491478937
431  4.148567816718038
432  6.64413456798624
433  7.146176186014686
434  3.7901766237342835
435  3.7842268365406575
436  5.206621630816654
437  5.2600900296185715
438  3.372985203713708
439  5.180586000718662
440  4.611709351376646
441  1.9356333429388988
442  4.710731884219139
443  3.421430224801604
444  3.384693535929292
445  6.664177182023398
446  4.6635334090931675
447  6.37169593166282
448  4.174556462106796
449  7.09542542014843
450  5.837905351479425
601  4.018577969794602
602  5.020705842058219
603  7.194389421025207
604  4.700028458791226
605  3.0957077332242027
606  5.526631043680919
607  4.913503118264173
608  2.853054824661621
609  5.457479789195428
610  4.6584465347594906
611  4.231327455949002
612  4.637311190054502
613  5.059553810429649
614  3.0762728968319606
615  4.612089744613956
616  7.240178728745923
617  3.5422156332475008
618  7.049099086793205
619  7.662005451115516
620  3.4778994187661785
621  4.367427553323084
622  4.040213425301605
623  3.8059378542152156
624  5.967273741976708
625  5.974968279681055
626  1.4225571990109143
627  3.656152806320138
628  5.349132683405247
629  5.773377952413942
630  5.105619575069656
631  4.515969496009774
632  5.24706808182173
633  5.114409345247941
634  1.844829939693925
635  4.756118801838004
636  5.68741059214181
637  4.067332194369035
638  5.3219280948873635
639  6.422867852200582
640  4.2051306040880485
641  3.801337602497994
642  4.880751361726074
643  4.317942708920107
644  5.031722497413851
645  6.52412322242703
646  4.181981933039807
647  5.698470724652104
648  2.910473073886521
649  7.058893689053569
650  5.85502814850956
