701  154.77272882401442
702  140.32562849451762
703  160.98302667327386
704  182.11407754066408
705  242.70978310618608
706  177.77718372240574
707  198.96781125171333
708  195.22502830873077
709  297.31913963452314
710  210.62029899013254
711  149.8348666899563
712  155.3101619458045
713  271.6672465377143
714  221.55870591185584
715  150.05114450075763
716  243.8389142701244
717  223.12216522053853
718  165.723161141788
719  288.0470822744839
720  150.76397761070677
721  131.04767649266333
722  150.32902902125426
723  112.46181246602296
724  180.0535740637116
725  253.05507049006292
726  261.808742693436
727  162.65051001394903
728  220.13874519474535
729  258.41565770881124
730  236.3740137752261
731  126.81123036389349
732  150.64654678756565
733  180.18016949704827
734  116.9965606471617
735  171.4647238594472
736  204.37781813234346
737  269.3778765602407
738  192.16467548278456
739  104.87803311542662
740  159.7847887063865
741  133.89186288315534
742  231.68085632072595
743  208.5862402640972
744  223.47267527353955
745  181.85481591144364
746  217.10902553679404
747  108.60353091164177
748  186.3242606900365
749  168.98598714029544
750  183.22423208764417
751  164.9835151458077
752  119.0185697973736
753  151.36456213265768
754  125.24718748336888
755  231.30980348271208
756  112.65798924419883
757  97.06556314805798
758  219.1543201188607
759  261.8595603318664
760  246.92100101741258
761  199.21455142805735
762  140.33221224699986
763  118.22726987091667
764  144.55031169502035
765  316.34119294873256
766  175.82249200140072
767  167.3938735502121
768  125.67521576058834
769  164.73150032281362
770  32.62207490684236
771  281.92236490206574
772  167.68044659876642
773  304.75831740026047
774  124.10488452434134
775  206.4552333211347
776  156.67355106710323
777  242.43743933135016
778  134.48493220150567
779  170.27696234158657
780  129.96404371392072
781  148.8710468534693
782  165.3782717193861
783  206.43603480806973
784  163.94506106987706
785  193.76176282559925
786  151.38186136631592
787  167.0260122763127
788  143.21750929313137
789  155.11652757401282
790  255.10686598058228
791  275.5865557401888
792  141.09759534002842
793  161.95461621244357
794  149.14902825511487
795  244.4093762635291
796  315.7143638260336
797  270.64905326398446
798  223.29809737148628
799  187.56997145154742
800  210.0623056922799
801  287.7778044408045
802  296.8342998129004
803  117.3742499563659
804  202.0573287708018
805  221.37043257017575
806  119.93268462236765
807  257.1842378482852
808  212.29817223665904
809  211.94209970760812
810  192.94113930579275
811  148.9942936565701
812  245.20408039947023
813  241.38770781401178
814  160.04325007520467
815  193.8163146042466
816  236.69400289534644
817  234.99990341921495
818  206.1645262862725
819  153.69762687434803
820  116.86379407097158
821  235.3752531385507
822  217.93126870405558
823  144.666191991794
824  162.37488612478683
825  185.01617415786865
826  211.74543215445192
827  318.35077330200875
828  157.8312032206021
829  182.26949414956366
830  118.62273235895196
831  189.22895979273727
832  127.25320469837936
833  113.7663626956734
834  169.38061797024653
835  234.37566423911554
836  194.93594060147907
837  131.3727026289903
838  230.84232006808048
839  222.74129316888656
840  103.46052315912578
841  174.18647242497684
842  144.7953618718917
843  200.54497884675294
844  127.48367539297203
845  173.73886148991022
846  177.38105405233506
847  213.06404834559606
848  154.06951289792528
849  241.90912175210755
850  189.96142792749612
