701  8.571568526462999
702  12.471386702741544
703  8.52511608336841
704  9.692482766671946
705  10.052457858985768
706  8.825115525104724
707  10.904471752229304
708  12.044616272844113
709  11.236835322501289
710  10.187318585188653
711  8.525886885257544
712  13.844322745765073
713  10.871265208244818
714  9.864872345313506
715  11.85891983824376
716  13.660958158557573
717  9.887508256730571
718  10.350127105793074
719  10.220463552115415
720  9.841477937963909
721  8.487124167301161
722  11.999710815316643
723  11.283348154660498
724  13.127358557142756
725  9.395965197539967
726  12.796356449412823
727  13.45590738996061
728  11.136912459382458
729  11.875046874431492
730  13.316940197607238
731  13.033536011200862
732  9.108399988567413
733  15.071755950065636
734  10.830835822864765
735  10.334456339378391
736  10.983061672273863
737  10.450224926769991
738  14.749066587460536
739  9.78385512453968
740  8.985242266962187
741  12.821366350036987
742  9.773746758912473
743  12.66214626589943
744  12.235513489311963
745  16.935612027217932
746  12.111587131615028
747  11.35234508582041
748  9.980535860570967
749  9.659407735433808
750  9.602663095451629
751  15.821573744801576
752  10.911847245660676
753  9.907218199500946
754  9.376917177665465
755  13.24480668035726
756  10.73253211263695
757  15.940174845616308
758  11.957463168039656
759  11.635756788497478
760  10.480896020904174
761  11.615211516048168
762  10.13976635682944
763  10.847119002967766
764  8.520082763444513
765  12.384413330209023
766  13.544291877693034
767  9.315453189054164
768  8.9863762667655
769  11.060604357612188
770  4.439884545464714
771  13.49526633081452
772  10.255163826275368
773  11.340340767256752
774  10.617137705407924
775  12.311408529046345
776  9.678375423228443
777  10.36879426649228
778  12.559614710247367
779  11.879384005341151
780  13.086187227450946
781  9.880553642704726
782  11.125372182125169
783  10.700299035334705
784  16.33630958352224
785  16.599785285201715
786  13.81897374236262
787  14.183181962199079
788  12.40802191065433
789  12.690647286086197
790  9.116304684076907
791  14.7130312023519
792  8.482557985942302
793  15.02219125920356
794  11.9990714479904
795  16.432753977528925
796  10.903031741742648
797  13.00144029553773
798  12.290752935444242
799  8.735706180613171
800  10.598874953756178
801  16.949352371397342
802  11.114623586999194
803  13.059989591041123
804  11.19556103318679
805  12.258261867924203
806  6.796306439590559
807  13.58315477169825
808  11.464064671930654
809  10.615412671308867
810  14.816184822410094
811  14.27025752151361
812  10.385257755626265
813  13.370534331550196
814  13.661826535719706
815  11.632162533128884
816  11.91200002679929
817  10.793700130745393
818  10.284431604233072
819  12.70885134620062
820  11.17510186205499
821  13.957279210379218
822  10.886727633431551
823  8.335372214544531
824  10.657192186950915
825  9.183827875486438
826  11.848461936441783
827  13.250808095514031
828  14.531449102021368
829  9.692732354607339
830  10.676370269403566
831  11.356759536461272
832  9.049821530401111
833  11.670695534821117
834  10.685398605440223
835  12.844277597808535
836  11.27705995093278
837  12.613408308098862
838  12.257705689921362
839  12.336522031945872
840  15.816893170327361
841  11.355127405092212
842  13.725492804364116
843  14.038851938358146
844  12.411777104215634
845  10.38094625484897
846  15.0926854026633
847  10.47401382253749
848  10.27082156187567
849  13.398851323923662
850  10.6515909082981
