1  0.8077544125450781
2  2.013578452722531
3  0.43378187604716717
4  0.0
5  1.3950137506749742
6  0.0
7  0.33408626791426355
8  0.0
9  0.4653932838178172
10  1.1831119406602753
11  2.736932518017562
12  0.0
13  0.0
14  0.0
15  2.3849712827764367
16  0.7431665406262274
17  4.137725954093808
18  0.9051447705201915
19  0.0
20  0.0
21  0.0
22  2.9106977853596194
23  0.0
24  0.0
25  0.0
26  0.7828054180224046
27  0.0
28  0.0
29  0.7505616529822093
30  0.6716493867938058
31  0.0
32  0.5304048108167972
33  4.272921672076181
34  1.0102340547956368
35  0.0
36  0.0
37  4.98491263465159
38  1.3406455982998489
39  3.072191876898895
40  0.0
41  0.8203641680184801
42  1.1487092631302236
43  0.7792279671960387
44  0.28213900451325447
45  2.2825630019801837
46  2.118574307213011
47  1.739420531865557
48  1.4847341364493043
49  0.6516870171265217
50  0.9814820703175167
51  3.888073928632366
52  0.0
53  0.8670489417768726
54  0.7619269179224929
55  0.0
56  3.626698842246803
57  0.5807051315870059
58  0.0
59  1.2938066831924964
60  0.0
61  0.0
62  1.6333587297507848
63  0.0
64  0.0
65  1.6217827912507792
66  0.8032524733324001
67  1.7697975070063499
68  0.0
69  2.244141728687969
70  0.0
71  0.5780337024143767
72  0.0
73  1.8915900083184323
74  0.0
75  0.0
76  0.6094981811494844
77  0.0
78  0.0
79  0.0
80  1.168267067463277
81  0.0
82  0.0
83  0.0
84  2.202517487231506
85  2.5913400270037834
86  4.963157769206106
87  1.3983825768307527
88  3.2269858686086064
89  0.0
90  0.0
91  1.7617367529397951
92  0.0
93  0.0
94  0.0
95  0.6103720045688342
96  0.0
97  1.5149248246331057
98  0.0
99  0.0
100  4.225965334222898
101  2.3564973192698657
102  2.3758103653547207
103  3.0656162292748057
104  0.4328887345715185
105  0.5935488740810663
106  0.44104567822314933
107  2.2043226856053004
108  3.5671471312434786
109  2.196493425637391
110  0.4886475078647008
111  1.2134796279159996
112  2.217228010116483
113  4.358593792403986
114  0.7388149629914542
115  1.6657507273597953
116  1.024408971064508
117  2.6894262455037135
118  1.3063276037558709
119  1.08259720129483
120  0.0
121  0.8650734361963531
122  2.3333738836148243
123  3.305214254905181
124  1.4300134320283469
125  5.608708672706596
126  0.6024528323893821
127  2.0306122455908033
128  4.025014056277512
129  0.5969184009333723
130  1.4614439656546074
131  1.2022868446368615
132  1.0446042685845647
133  0.804058304725168
134  1.5610402385281985
135  1.0414651390489904
136  0.7884269127570477
137  1.054560366479378
138  0.49949311968946336
139  0.9972004376049766
140  0.8339595817763534
141  2.531249794639533
142  0.7328327042043922
143  -0.052586608804959294
144  0.6692226195371475
145  3.651512965874771
146  0.9209382860923278
147  1.3073832265779448
148  4.769338688555443
149  1.6474716490398382
150  2.099377857835007
151  0.0
152  5.755320219180802
153  0.0
154  0.0
155  3.133059258262514
156  0.8839723995489027
157  2.3920819590311626
158  0.8457250984295945
159  0.0
160  0.0
161  0.8157638990132163
162  0.0
163  0.0
164  1.192122383031824
165  1.9363482556180374
166  0.0
167  0.0
168  0.0
169  1.9797564015846116
170  0.0
171  2.751330804676583
172  0.0
173  3.704340079416593
174  0.8491060388644084
175  0.03564622458666981
176  1.2509598727905114
177  0.38904181286608147
178  5.877798416590206
179  0.6200325044411292
180  1.4645370587733288
181  1.3384257368375172
182  1.5659393846436025
183  1.5702375748063524
184  0.9012551430189246
185  0.6705618634304997
186  0.0
187  0.0
188  0.5333992989983732
189  1.20061976203143
190  0.8975293213228545
191  4.605883833162255
192  1.9666746384807412
193  1.3619521388793692
194  1.1029438139757657
195  2.7144591557364537
196  4.609323885077738
197  0.6391395432768404
198  1.3929331986881321
199  0.0
200  1.3981608521290223
