1  9.205306365411575e-05
2  0.0007012578976378325
3  1.4006518372787718e-05
4  0.0004739755985026446
5  8.980543181765459e-05
6  0.0014013255345073183
7  2.5760283185952607e-05
8  0.0009334729423156479
9  7.248642714032021e-05
10  7.325030673475526e-05
11  0.002057554169725882
12  0.00033787593845413505
13  1.9238069503958982e-05
14  0.0012512832403772155
15  0.00025462944778631934
16  6.845721758151987e-05
17  0.0021099247997170612
18  0.00015765345753896828
19  2.7418714574529577e-06
20  0.00011441080143103778
21  0.0027171430168278893
22  6.570618956866984e-05
23  9.712851337828756e-05
24  5.255030142965698e-05
25  0.0015981130438442195
26  2.553646046825696e-05
27  0.0012678774678611133
28  0.004077555747965499
29  0.0003973713830180792
30  0.0002903843890038078
31  0.001577069646899863
32  3.2515263275951275e-05
33  0.0008926790804005706
34  0.00010284158953889997
35  0.0013285927274523039
36  0.0005037286819753527
37  0.00036370492700999455
38  0.0001711581199552555
39  0.000783696129818276
40  0.0013875652387068643
41  6.829111557303919e-05
42  3.2951161978480816e-05
43  0.00010466512532242354
44  1.9238069503958986e-05
45  0.00035602617516023176
46  0.00239855911237522
47  0.0016040990324499935
48  0.0005542680596952494
49  0.0002470484950164343
50  0.0001711581199552555
51  0.0003843895370527236
52  0.002811091503310833
53  8.015352489408112e-05
54  1.475689489768473e-05
55  6.0531853441078855e-05
56  0.00023544482436017758
57  0.00014584158163808195
58  0.0005587428546837457
59  0.000488875537539544
60  0.001840021239946553
61  0.00042799636702479693
62  0.00019467908185379976
63  0.0004000981769143135
64  0.001433427977231804
65  0.00013215340046012495
66  0.00015379978510121715
67  0.00025257976602220694
68  0.0013459241309010971
69  0.0007562369151949728
70  1.431834076846653e-05
71  5.5394011706199634e-05
72  4.466730460246659e-05
73  0.00019970437908603937
74  0.0013716111037732931
75  0.0006505237084887641
76  0.00010466512532242356
77  0.0018531848520271098
78  9.14827781096748e-05
79  0.0002806224861090549
80  0.0003563734416083282
81  8.902299903875853e-05
82  4.637474236941875e-05
83  2.278734476051744e-05
84  0.0001127806261770855
85  0.00021995924835809384
86  0.0002249449202646366
87  3.503564999879085e-05
88  0.00016381552572177977
89  0.001880765297986069
90  0.0013252567712582336
91  0.00010147876272993857
92  4.343722508588219e-05
93  0.002636530506116999
94  0.00027395924841860903
95  3.31436169829971e-05
96  0.00016038622664685275
97  3.9265194977611846e-05
98  0.0001720876136562193
99  0.0001526463824830458
100  0.0017439185690978911
101  0.00032456813176806544
102  0.0006382166099439957
103  0.00156637088725844
104  9.4098739112146e-05
105  0.0007916859637475972
106  3.423118913594552e-05
107  0.00024039552678732317
108  0.001460359836709161
109  0.0008929870203507151
110  0.0002442824085916255
111  0.0007625993651909628
112  0.0005934661713082369
113  0.0001993231813326171
114  0.0001403398718843586
115  0.00010963296807185595
116  0.00018215620590916203
117  0.0008787654559013953
118  0.0004357533580004639
119  5.6350886547646304e-05
120  6.944821898539322e-05
121  2.791697232350912e-05
122  0.0006138985837949325
123  0.0006533276649202237
124  0.0009282185830245177
125  0.0003507217312188494
126  0.00038768573588239053
127  0.0010019094189092671
128  0.0002810273458515359
129  0.0002668546663365209
130  0.0012515370337067458
131  4.4382245014186636e-05
132  4.96015889347095e-05
133  3.106135782683784e-05
134  0.0015129005332876503
135  0.0005598508483443509
136  2.4046590297104464e-05
137  0.0003874231304085991
138  0.00270970290153668
139  8.74668350290652e-05
140  3.7921587819795645e-05
141  0.0020190073814843005
142  0.00015379978510121715
143  0.0011069195468488542
144  0.0016100151191254762
145  0.00023276962892384434
146  0.0008295360231545638
147  0.000267569159960569
148  0.0006347389614045312
149  0.0004942892074523772
150  0.00019467908185379976
151  0.00049942002636972
152  0.0005398259038675387
153  0.0029834425648886504
154  0.00044007107203730824
155  0.0003410990010735016
156  8.996224358334401e-05
157  0.00011510502515078973
158  0.0014079683779898533
159  0.00119869484313083
160  0.0004278524887182057
161  0.00022895601100657317
162  0.0012367578686081732
163  0.0001499604372082208
164  0.000216298747157957
165  0.001309688568013118
166  1.589804619309691e-05
167  0.0015184520846891199
168  0.0004250303451334296
169  2.761539347375842e-05
170  0.0019931018263466163
171  5.7782936638345656e-05
172  0.002461274795764237
173  0.00039225816233943474
174  4.781720135418692e-05
175  0.0003949057943438206
176  4.768709047985358e-05
177  0.00010114126305352385
178  0.0006467120784802395
179  1.766033529418335e-05
180  0.00048774429692566886
181  0.0003711535017537201
182  0.00015483210827081228
183  9.768937624300082e-05
184  2.3210427023146284e-05
185  4.6909777167071895e-05
186  0.0013313100884232128
187  0.0018665920463523946
188  8.774467720965294e-05
189  0.0002927180922435613
190  0.00014043406601536312
191  0.0003745668184749545
192  0.0007360100497569616
193  0.0001711581199552555
194  0.0001711581199552555
195  0.04701519504322919
196  0.00032271680127657153
197  0.0002446401962320521
198  0.00099661309740058
199  0.0011437281443835885
200  8.846247315887915e-05
