1  0.8754742234814956
2  3.089467565235342
3  0.43378187604716717
4  0.0
5  1.3950137506749742
6  0.0
7  0.6725916825764167
8  0.0
9  0.8093120267148026
10  1.1831119406602753
11  5.453536307580972
12  0.0
13  0.0
14  0.0
15  2.3849712827764367
16  0.9327132446772641
17  4.137725954093808
18  1.4704739918210146
19  0.0
20  0.0
21  0.0
22  2.9106977853596194
23  0.0
24  0.0
25  0.0
26  0.9142279453159317
27  0.0
28  0.0
29  1.4243623966057726
30  0.6716493867938058
31  0.0
32  0.7613782146933028
33  4.272921672076181
34  1.0102340547956368
35  0.0
36  0.0
37  4.98491263465159
38  1.3406455982998489
39  3.072191876898895
40  0.0
41  1.4126821362315929
42  1.1487092631302236
43  0.7792279671960387
44  0.721246364338846
45  2.2825630019801837
46  2.9234794705657507
47  1.739420531865557
48  1.4847341364493043
49  0.6516870171265217
50  0.9814820703175167
51  3.888073928632366
52  0.0
53  1.726436728901214
54  0.8626300386144576
55  0.0
56  4.9846239234355005
57  0.5807051315870059
58  0.0
59  1.2938066831924964
60  0.0
61  0.0
62  2.3283954213089597
63  0.0
64  0.0
65  1.6217827912507792
66  2.214939096643888
67  1.7697975070063499
68  0.0
69  2.244141728687969
70  0.0
71  0.5780337024143767
72  0.0
73  1.8915900083184323
74  0.0
75  0.0
76  0.6094981811494844
77  0.0
78  0.0
79  0.0
80  1.168267067463277
81  0.0
82  0.0
83  0.0
84  2.202517487231506
85  4.052741331023503
86  4.963157769206106
87  1.3983825768307527
88  3.2269858686086064
89  0.0
90  0.0
91  1.7617367529397951
92  0.0
93  0.0
94  0.0
95  1.3928743791985463
96  0.0
97  1.5149248246331057
98  0.0
99  0.0
100  4.521508939722744
101  6.205034562384071
102  2.6522970609819554
103  3.4566347145775507
104  0.6222682474251722
105  2.1839618253597983
106  0.668898118941192
107  3.015246004771714
108  3.816189302246819
109  3.4257843833258868
110  0.4886475078647008
111  1.2134796279159996
112  4.5339526941811
113  5.000278330252144
114  1.0326768046191743
115  2.260944762895451
116  1.8840216203315516
117  2.6894262455037135
118  2.516520221984056
119  1.08259720129483
120  0.0
121  1.145879305612953
122  4.8235262397783645
123  5.231778549326777
124  2.741913727196788
125  5.608708672706596
126  0.6024528323893821
127  2.4150794481808244
128  5.792850172586407
129  1.1560222573681074
130  1.4614439656546074
131  1.2590581185154703
132  1.697935937346817
133  1.2274811034677584
134  4.28313176545749
135  1.0414651390489904
136  0.8622093360468699
137  1.4748352874897044
138  1.015559894137736
139  2.3973184630755773
140  1.625477950405101
141  3.541741282763255
142  0.8466148869181592
143  0.21420849789465968
144  0.6692226195371475
145  3.651512965874771
146  1.1355010999720023
147  2.621895029248863
148  5.633621714459264
149  4.0300205286444175
150  2.527363011859883
151  0.0
152  5.755320219180802
153  0.0
154  0.0
155  3.133059258262514
156  0.8839723995489027
157  3.0693082505951614
158  0.8457250984295945
159  0.0
160  0.0
161  1.032146687441368
162  0.0
163  0.0
164  1.192122383031824
165  3.3183303504483055
166  0.0
167  0.0
168  0.0
169  2.0667405362261215
170  0.0
171  2.751330804676583
172  0.0
173  3.704340079416593
174  0.8491060388644084
175  0.03564622458666981
176  1.2509598727905114
177  1.0572418335801779
178  5.877798416590206
179  0.6200325044411292
180  1.4645370587733288
181  1.3384257368375172
182  1.5659393846436025
183  2.48191975798962
184  1.7470337045835822
185  0.6705618634304997
186  0.0
187  0.0
188  0.747204351811529
189  1.6292366595327759
190  1.8692414149751273
191  4.605883833162255
192  1.9666746384807412
193  1.6987539729129266
194  2.6587722818525
195  2.7144591557364537
196  4.609323885077738
197  1.1046295692647135
198  2.5459356117198446
199  0.0
200  1.7043209168282634
