1  9.345540958382122
2  11.353781298943474
3  10.243086962249341
4  12.849879362634452
5  10.912865208790526
6  15.141389297287937
7  8.539216881238472
8  12.109276621194235
9  8.76187686801709
10  10.283608657363807
11  11.530449096798703
12  11.563495456915655
13  9.658193768193936
14  12.423367673897282
15  10.832380446343219
16  9.670414817751634
17  11.36922272392539
18  10.695923714295013
19  9.924323102869625
20  12.507138223793847
21  13.543320480272277
22  12.527914038971376
23  11.901627685271693
24  12.016086106611645
25  14.20156177667465
26  9.587756492765143
27  13.687118824200468
28  13.090241127793053
29  9.311773023370474
30  9.95424645968324
31  13.099765398743262
32  9.120482856200367
33  13.131722821330605
34  9.778061566924304
35  14.114017553670466
36  12.18047539230098
37  14.765119504720884
38  10.030721708203668
39  10.881458752330493
40  25.993294466082634
41  8.92557708175562
42  9.507744989103273
43  10.916882832121317
44  7.290372790464872
45  11.067225648838221
46  12.33622406876571
47  11.818798032120572
48  11.912102219418745
49  10.746038917516303
50  9.964933816214955
51  13.036153868083332
52  14.827508115398677
53  10.160515466137213
54  7.537237891072419
55  11.44062536856836
56  11.739468988509232
57  10.994680145235552
58  12.513059642881293
59  10.921639311206967
60  13.933138970828029
61  12.990655228123178
62  10.65677427115089
63  13.41959994685128
64  13.359436453768081
65  10.192706284839161
66  8.553213409628578
67  12.894994550877602
68  13.570126018835296
69  11.932570593268492
70  10.409248029354526
71  9.801665613011071
72  10.593842958574177
73  11.936955199503977
74  14.103866556074843
75  12.047905499981454
76  10.737173124855804
77  13.972175679669446
78  11.387155329763239
79  12.770167600458775
80  10.809398926435774
81  11.659691837814352
82  11.651928537696602
83  8.869084281288316
84  11.80831117803396
85  11.857174606958571
86  13.32389813578489
87  10.635934912251034
88  12.886428148794318
89  13.886208193795287
90  16.09031647025023
91  11.880099958069957
92  11.294188383167143
93  14.031917125306203
94  12.306969033873948
95  9.526882236398404
96  11.71155275498674
97  9.364046655376114
98  12.106626202327508
99  11.387641335027205
100  12.213275837841405
101  11.35125018328051
102  12.793488976378837
103  13.687698813423353
104  9.60693605183124
105  8.64936297005539
106  8.485069124410304
107  10.614623178535131
108  13.073983537883109
109  11.210950461910645
110  10.309290778324158
111  10.601426222292371
112  11.106560628036537
113  13.495832324298007
114  10.012587467260484
115  11.099644258392228
116  9.260448371992378
117  12.138623423861848
118  10.477231929124377
119  11.081599603447618
120  10.852776205391894
121  10.32295757629225
122  11.306394252709657
123  12.018977758852435
124  11.686121081065568
125  13.575516979829098
126  10.360172228452438
127  11.028899069191388
128  12.70303023506538
129  9.511211408026215
130  11.660511920501762
131  10.023573023362044
132  9.549311571571515
133  9.663300546315117
134  11.831689869832626
135  11.086737994715591
136  8.176631857103684
137  10.369744117647945
138  11.423746599261042
139  9.854612804311548
140  8.720416086095993
141  11.879884365500052
142  8.331663487607328
143  11.05029332983824
144  11.543729140575765
145  13.41977219258018
146  10.079111344179577
147  9.764715402453403
148  13.934365495271493
149  10.358515157799383
150  11.699982178410973
151  17.760633709292357
152  15.418020726232555
153  14.681319151621476
154  12.447437074818072
155  12.865583771504255
156  9.592824376880436
157  9.864180262046585
158  10.703233426263632
159  16.6147828428289
160  12.386472884501007
161  10.118354421078223
162  14.041791177516137
163  11.794972212412027
164  11.95002806077418
165  11.81609830239708
166  9.400005479443474
167  12.881637119819501
168  16.837464294526107
169  9.278790725349872
170  13.154011930405588
171  12.642322805013979
172  13.846089541140405
173  12.299098182648564
174  9.540402268808032
175  13.843165839207028
176  12.08698879941352
177  8.427206556542863
178  13.753321700183728
179  9.167379947882413
180  13.180476119070331
181  10.562773599339398
182  11.22309001358526
183  9.805983988179115
184  9.238404772330206
185  9.491469580606186
186  14.047265476567155
187  13.785365020570966
188  8.624084602079016
189  10.677661436408012
190  12.186309141191847
191  13.694902159560492
192  11.469422823910577
193  10.365310978002178
194  9.023670936785622
195  12.48303852220591
196  13.31707449135844
197  9.442298574868374
198  10.327728726667246
199  20.67136637119527
200  10.232489259640566
