301  0.0001694095050706956
302  0.00037052108614509156
303  6.117451267792589e-05
304  0.00044123207900447614
305  0.00016261167686169663
306  0.0005234093361169633
307  0.0005719571400902313
308  0.0001498551193001367
309  0.0001694095050706956
310  0.002124235611716225
311  0.0003917660871539201
312  0.0
313  0.0001955894442887523
314  0.0005645817420128596
315  0.0012782968293856788
316  0.0
317  0.00015554034848706388
318  0.0005644756320043109
319  0.00019234319146428804
320  0.00155796585286162
321  0.0005467606363749294
322  0.0001694095050706956
323  0.0
324  3.8999541654080526e-05
325  0.007176294275773579
326  0.0002705187995622531
327  0.00020618121718210867
328  0.004862754353596161
329  0.0004698898161133062
330  7.453934563604137e-05
331  0.0001325727994493135
332  0.0008218188403819129
333  0.0009610485476087947
334  0.00020924280184460894
335  0.00017683807098526418
336  0.0002171055977567302
337  0.004814926907856862
338  7.92512950834435e-05
339  0.00044899409128551444
340  0.0012573673099799036
341  0.0004944486317365949
342  0.0007029755511611995
343  0.00026163960657943656
344  0.00022376615034943586
345  0.00047274956679825054
346  9.491708542241134e-05
347  0.0008696954163302992
348  0.0
349  8.290737016903218e-05
350  0.0007447266099823093
351  0.0010472445640722068
352  0.0005319121965987223
353  0.00047234025404292794
354  0.0005275079070853117
355  0.0008064014761991039
356  0.0002261933715847594
357  0.0002718218979044466
358  0.00046293837655759053
359  0.00016028978872887188
360  0.00044899409128551444
361  0.00025485846575821195
362  0.0002821673555235805
363  0.001112922140153525
364  0.004310175942170371
365  0.0003986835559804314
366  0.001493838654348833
367  0.0006492033893535714
368  0.00027092814900943313
369  0.0
370  4.544209026851535e-05
371  0.00031252832530707497
372  0.00023547006642577582
373  0.006349097695807618
374  0.0009042004117431223
375  0.0012560333377458783
376  0.00029330067242834074
377  0.00019162496342896502
378  0.000192055942544822
379  0.00010430640204876987
380  0.00020725700273394675
381  0.0002006542047531431
382  0.0012560333377458783
383  0.0006632395886751578
384  0.00018749160205421556
385  0.00041572184710001494
386  0.00020789315175826167
387  0.00048630681087378813
388  0.00043801784570459936
389  0.00018831403056422097
390  0.0010030961833647559
391  0.00044899409128551444
392  0.0036341167402228597
393  0.00022262630754685798
394  0.0001767669192004193
395  0.001129737443807192
396  0.00017390264094597845
397  0.0006796197976724369
398  0.00030269103881254303
399  0.0004363692159747164
400  0.0010292842074110865
401  0.00025048349888334167
402  0.00037381325705689294
403  0.0
404  0.0002937701302778372
405  0.0002697303589610594
406  0.0006074306614616402
407  0.0008696954163302992
408  0.000382484572878123
409  0.00025458459968241335
410  0.0006926447637073427
411  0.0005307338776074439
412  0.0004944486317365949
413  0.0003208393998069649
414  0.0011123557100793735
415  0.0006453024003780706
416  0.0006154229110990185
417  6.785689578173374e-05
418  0.0009753051260461516
419  0.0006796197976724369
420  0.000267724338946036
421  0.00045813818211185454
422  0.00017942668474626061
423  0.0009729428561654865
424  0.0007997978942612736
425  0.0018219340631562904
426  0.0016046327423460374
427  0.00035754174389893254
428  0.0005256278237755421
429  0.0006074306614616402
430  0.0002171055977567302
431  0.0036341167402228597
432  0.00025015488756291763
433  0.0006686752205970782
434  0.0006846288620448211
435  0.0001126435963919783
436  0.0005557499145745954
437  0.00016038664310828637
438  0.001129737443807192
439  0.0006131612387352215
440  0.0001378793349515817
441  0.0006074306614616402
442  0.0013118815152163659
443  0.0003576830250647195
444  0.004412306550265522
445  0.0005467606363749294
446  0.0011120957964414243
447  0.0013210022465297718
448  0.0003953352212833837
449  0.0009610485476087947
450  0.000844802206925911
601  0.0006833573330899318
602  0.0015707430227551997
603  0.0008089459850501374
604  0.0006074306614616402
605  0.0002261933715847594
606  0.00036198002740959936
607  0.00037381325705689294
608  0.0003152439033365209
609  0.0004089787502682407
610  0.0002954702214676522
611  0.0014304703297022172
612  0.001323848807718874
613  0.0010708612437636917
614  0.0001780959774182335
615  0.002064175479056939
616  0.0010623405178147025
617  0.0009881003119002303
618  0.00026163960657943656
619  0.003393778533309814
620  0.00026407196812194654
621  0.0005467606363749294
622  0.00012514409075797258
623  0.0003227956134586671
624  0.00016389991036787344
625  0.0003858339599318144
626  6.749318190571217e-05
627  0.0002014664092981751
628  0.0003822311311463894
629  0.000484294584200647
630  0.0002172856215776594
631  0.003393778533309814
632  0.0012573673099799036
633  0.0
634  0.00026163960657943656
635  0.0007997978942612736
636  0.00042712156270357154
637  9.496288774559e-05
638  5.986735514723301e-05
639  0.00017878083808250012
640  0.0002648146103614349
641  0.0008696954163302992
642  0.0005916680618234459
643  0.0006117742636633913
644  0.0005845381486546241
645  0.0006492033893535714
646  0.000240467256759646
647  0.00014461031719474154
648  0.00030966923516202645
649  0.0008215865167212281
650  0.0008218188403819129
