301  7.527421668342246e-05
302  0.00018526054307254578
303  3.4776865715310095e-05
304  0.0002851955355177382
305  8.399750488527014e-05
306  0.00042158875442192546
307  0.00022267782312786926
308  7.492755965006835e-05
309  8.47047525353478e-05
310  0.0006473079260354635
311  0.00022379028591893664
312  0.0
313  9.779472214437615e-05
314  0.00035772243834367433
315  0.0007541431186122795
316  0.0
317  7.777017424353194e-05
318  0.00022013435205908073
319  9.250799424802854e-05
320  0.0005253637887818422
321  0.00032546131138064716
322  0.00010823695248819437
323  0.0
324  1.9499770827040263e-05
325  0.0037861043781982425
326  0.00018155436064526677
327  0.00013023322575958496
328  0.0024313771767980807
329  0.00023994600521052122
330  3.726967281802068e-05
331  6.270749986925669e-05
332  0.00040717620453598275
333  0.0006315965160981477
334  8.487753119860957e-05
335  0.00011936556257528782
336  0.0001642331177386697
337  0.0044015456865097065
338  3.962564754172175e-05
339  0.0001644296502996759
340  0.000556453459591656
341  0.00026973360346668534
342  0.0004348750224694722
343  0.0002558972470711771
344  0.00011188307517471793
345  0.0002511343283346352
346  9.004351616354662e-05
347  0.0006327531040508657
348  0.0
349  8.290737016903218e-05
350  0.00041489387396470887
351  0.0007593909847197529
352  0.00020800256454026425
353  0.0004649590519521014
354  0.0003033796010843776
355  0.00033076678428952544
356  7.539779052825314e-05
357  0.00017119395025567898
358  0.00023146918827879527
359  7.31134770472966e-05
360  0.00019640683535464225
361  0.00012744816407104958
362  0.00017483026871464635
363  0.00047774649037217367
364  0.004310175942170371
365  0.0002767648351202142
366  0.0005514662009965183
367  0.0006492033893535714
368  0.00013546407450471657
369  0.0
370  2.2721045134257674e-05
371  0.00015013376591824383
372  9.127094994528027e-05
373  0.0022117843325484684
374  0.0007104247636905346
375  0.0007532810491678219
376  0.0001567770478074474
377  9.581248171448251e-05
378  9.605688740302911e-05
379  0.00010430640204876987
380  0.00010514437657486513
381  0.00014767441007376074
382  0.0007093321089608677
383  0.00039167245103143575
384  0.00016249095649124333
385  0.0003169318191602122
386  0.00018008306159243305
387  0.00047222249649282136
388  0.0002175358763285888
389  0.00014908228668541275
390  0.0007260451373251351
391  0.00018384170921789092
392  0.0036341167402228597
393  0.00015088100625799863
394  0.00011727881153101136
395  0.001129737443807192
396  0.00011094902077641944
397  0.0003916902841022556
398  0.0001469848296402042
399  0.00033842739847907415
400  0.0004775665052526728
401  0.00015818364069131318
402  0.00021432466188520545
403  0.0
404  0.00014977732216161067
405  0.00018496406990720722
406  0.00020296605621362754
407  0.000360610427149714
408  0.0002951344480434198
409  8.629039844256089e-05
410  0.00040635886470284936
411  0.0002783762490811195
412  0.00026973360346668534
413  0.00018188108310055896
414  0.0007698996079414042
415  0.0005359189515195067
416  0.00023320834441682402
417  6.785689578173374e-05
418  0.0005298854979678329
419  0.0005425915942884606
420  0.0001424656680752841
421  0.0002262585043759659
422  0.00014206897289343766
423  0.0007507698063954387
424  0.0007997978942612736
425  0.0009410568400427354
426  0.0005977696674259697
427  0.00021057129512520046
428  0.00025976577258592304
429  0.0003037153307308201
430  0.0001350896005085739
431  0.0018596595854085303
432  0.00011735285560060981
433  0.0003235626074236003
434  0.0003686783304145725
435  0.00010582146543395882
436  0.0005454553065218027
437  0.00013324610267459612
438  0.0005818384842996541
439  0.0003566583584789517
440  0.00013479294477964794
441  0.0003037153307308201
442  0.0006949258564081992
443  0.00017099648844509676
444  0.002206153275132761
445  0.00047581451203490555
446  0.0007127343042483588
447  0.0007063461399833223
448  0.00023122000228590494
449  0.0005031212370948537
450  0.0003161177239074641
601  0.0005156822295935783
602  0.0009777026822217348
603  0.0005097982290640359
604  0.00020247688715388005
605  0.00013970148328484755
606  0.0002292457589719546
607  0.00021982396427377873
608  0.00013505291842827718
609  0.0002711668166270278
610  0.0001869174415058886
611  0.000664775546880284
612  0.0007168374509855937
613  0.0007188050590339443
614  5.9365325806077834e-05
615  0.000818031000914897
616  0.0006566122759146128
617  0.00039737010206684697
618  0.00014720433649223014
619  0.0013047532585797458
620  0.0002222185920167656
621  0.0002791365556484456
622  0.00011948317129388384
623  0.0002713332007273867
624  7.788858395955642e-05
625  0.00019798677927633239
626  3.3746590952856086e-05
627  0.00015992188155860754
628  0.0001899345292206197
629  0.0002764175310821596
630  0.00014795210359793418
631  0.0009961006289541986
632  0.0005916186392602928
633  0.0
634  0.00013081980328971828
635  0.00034056086091239314
636  0.00019206957553039844
637  4.061401741282554e-05
638  5.854749568876268e-05
639  0.00011527582931150427
640  0.0001278613365682136
641  0.0002654680397026201
642  0.0004074688908844847
643  0.00038323843528138444
644  0.00021615796121837334
645  0.0005527246128037916
646  0.00013927743632157296
647  0.00013537253853807343
648  0.000146918860268147
649  0.0008215865167212281
650  0.000437937120644423
