301  21.725915915272918
302  13.66777199784625
303  21.15214269938818
304  28.728710053038657
305  21.230129570313213
306  34.31150227050559
307  25.07517799854975
308  30.485267310240353
309  21.021784758216768
310  35.30569677146756
311  27.841714926344483
312  0.0
313  20.381877391303696
314  35.25821999894701
315  30.97942819108599
316  3.4096062301652936
317  24.21713290849297
318  27.139526405487345
319  24.850183106436514
320  29.070070058849556
321  33.56875622681035
322  26.696740814726837
323  5.114409345247941
324  10.050399483818351
325  38.00985025675607
326  27.829542204441665
327  31.745670420908436
328  23.683662220054288
329  37.22701683338281
330  16.279850239922865
331  26.621167727857287
332  41.114919822896496
333  33.11644846126468
334  20.680457271683604
335  32.13424229085276
336  32.262044910107974
337  38.692637885419714
338  15.83956629393164
339  18.108556191767242
340  32.15163190352389
341  28.46334303561354
342  32.95407656772755
343  31.637636692643213
344  17.47164813503711
345  32.69184866389529
346  29.643172091356163
347  38.263473504922445
348  0.0
349  29.500006430661102
350  34.442484194306296
351  35.196462181609746
352  22.093930899886917
353  35.03439028060089
354  33.6475302034337
355  33.96486745342397
356  10.920164534684595
357  29.36848641629042
358  16.05262941805217
359  20.008302386156142
360  30.783892152071726
361  28.626960636929525
362  31.694899371282453
363  33.73108047473827
364  46.08323317482237
365  33.34028480581348
366  23.62729408040404
367  41.74796889914833
368  17.601505079462367
369  0.0
370  11.571251489709617
371  26.125584180338596
372  20.100898673481684
373  29.315612905929687
374  34.04923038147396
375  40.99938691279297
376  25.452074107261236
377  17.375837156904804
378  27.581946194881787
379  37.93631649554856
380  21.733384176464607
381  33.774028752484035
382  41.60437407980657
383  34.39739824170649
384  37.89953060915865
385  34.52635556111232
386  34.18057570697717
387  38.567181454295316
388  27.85496969651408
389  30.332192974638843
390  32.43367797486769
391  41.066511296005785
392  44.52874958496066
393  32.206447000928215
394  30.04332525447154
395  43.91060396185733
396  29.038244518215862
397  36.01736893201493
398  26.229674204021133
399  33.34437670044737
400  35.74689664532229
401  27.189212078457825
402  36.013187622455234
403  0.0
404  32.34187408192889
405  25.619077829626836
406  20.075859299806183
407  34.223866060636006
408  33.466556502886135
409  14.230255121538683
410  30.531389115848178
411  25.72374217707654
412  28.46334303561354
413  30.762344633873916
414  38.189320314860225
415  36.05002794479945
416  24.564769528039292
417  37.45401332636954
418  31.442730930000163
419  37.62527324055613
420  33.70264698253249
421  30.830948486565433
422  33.975277683422185
423  35.63742301459329
424  39.66966815391976
425  33.49131399554477
426  30.878416228975198
427  36.14343253408779
428  33.80183795818352
429  22.98731146760072
430  26.750192985179172
431  36.30935804509426
432  23.75750739130386
433  31.293247119047503
434  35.15982405744859
435  29.37142421111501
436  37.33093415267704
437  36.18694949794494
438  31.826755402352124
439  33.09457573439122
440  34.94140126745851
441  17.872902122352777
442  29.600321763833968
443  30.875011779205483
444  19.827470407804938
445  30.662033525147873
446  38.21148163013383
447  25.169977819384066
448  33.0447405100722
449  31.64156446629275
450  27.30484316591954
601  37.277882873386936
602  42.34891074493269
603  30.67094759095902
604  20.72897232877103
605  28.138167032935392
606  32.608176799657976
607  32.62300529409813
608  31.191978224304744
609  37.39363436092939
610  33.31279853025802
611  35.16098885966269
612  40.31913453812659
613  34.69230749806152
614  7.95205008029546
615  35.555525935218895
616  33.485067433579864
617  33.73034625561208
618  25.547212363380215
619  30.098715380376174
620  34.31378830736226
621  27.19656306504435
622  32.96793133623911
623  34.71049604092877
624  30.328448845472693
625  25.435682425691223
626  13.799430354613015
627  32.05442115331998
628  37.04040820556665
629  37.2771155884327
630  30.481940515423318
631  31.370204337906415
632  34.64992003182972
633  5.114409345247941
634  16.634477889604465
635  34.19893347816224
636  35.11356577495017
637  16.82550364609997
638  33.15119385494435
639  25.95481806454956
640  26.39580899491567
641  26.40214069235589
642  34.2901071942817
643  28.25907523459346
644  25.303339029514973
645  39.566622213162994
646  29.23687885370121
647  35.050023681532544
648  27.30980782906855
649  36.4939509655614
650  38.21567092854966
