301  0.8276005377467851
302  0.8276005377467851
303  9.228818690495881
304  5.643856189774724
305  5.643856189774724
306  2.1360615495760285
307  2.172550470849136
308  2.172550470849136
309  3.3461756411340398
310  2.514573172829758
311  0.37239316187035004
312  0.0
313  0.37239316187035004
314  1.3040061868900998
315  1.3040061868900998
316  0.05889368905356862
317  0.05889368905356862
318  1.7349632412550582
319  0.574371089453441
320  5.136061549576029
321  0.0
322  1.1237832197975917
323  1.1237832197975917
324  1.1237832197975917
325  1.1237832197975917
326  1.1237832197975917
327  0.3990959554098223
328  0.3990959554098223
329  1.840322978669529
330  2.1898997012035784
331  0.44150971064003497
332  3.914801986594523
333  4.251538766995965
334  0.784033847822985
335  0.38332863955150565
336  1.8845227825800641
337  5.22881869049588
338  5.22881869049588
339  5.22881869049588
340  1.9609304353214076
341  0.7307066036945239
342  2.9983037093391016
343  1.3019297261047411
344  1.3019297261047411
345  2.497499659470817
346  0.9687392517969631
347  3.7693870718585836
348  0.0
349  0.0
350  2.888968687611256
351  2.888968687611256
352  2.678071905112638
353  1.736965594166206
354  0.5808463922489243
355  2.496368577452168
356  1.944958636442038
357  1.2921807514933104
358  0.8611309342258356
359  0.4214637684382767
360  1.1668519416894776
361  4.473931188332412
362  1.1960215598809567
363  2.130786607535354
364  0.0
365  4.199071347101829
366  4.199071347101829
367  0.0
368  1.2009126939259964
369  1.2009126939259964
370  1.2009126939259964
371  2.9159357352115256
372  2.9159357352115256
373  2.9159357352115256
374  5.421463768438277
375  3.1116085058514895
376  0.10469737866669322
377  0.10469737866669322
378  2.5706072077440862
379  0.0
380  2.5706072077440862
381  0.9620321498009795
382  3.3770696490798233
383  1.2746223801090057
384  4.014499569695115
385  1.5994620704162712
386  2.6478397036932226
387  3.188176705998535
388  0.9135359092505307
389  1.5653317443856478
390  1.0242475462466771
391  5.080426850603209
392  0.0
393  2.6177938931885287
394  1.6639615033644164
395  0.0
396  0.929610672108602
397  1.8059129478836977
398  3.7693870718585836
399  4.0
400  4.584962500721156
401  1.524626837493681
402  3.467267458051402
403  0.0
404  2.074000581443777
405  1.9023892033735779
406  3.8712666858777975
407  4.447458976971221
408  2.521459558414998
409  0.15467722774337553
410  1.521459558414998
411  1.521459558414998
412  0.7307066036945239
413  1.4913298922306102
414  4.370837695368309
415  5.602379553798565
416  5.602379553798565
417  0.0
418  2.15200309344505
419  2.3584539709124765
420  5.836501267717121
421  3.1528698372625823
422  3.3584539709124765
423  6.54432051622381
424  0.0
425  2.337034987277571
426  2.3708376953683086
427  2.454031630894707
428  2.3487642798596777
429  2.3487642798596777
430  5.058893689053568
431  2.068316942940194
432  2.934197941604254
433  5.22881869049588
434  1.15888947903029
435  1.5023734423798216
436  2.1844245711374275
437  2.0368782255300744
438  0.9765833355688319
439  1.9910112167727454
440  1.8019549343150145
441  1.8019549343150145
442  2.0
443  0.8592213442172042
444  0.8283273362714205
445  0.8283273362714205
446  1.6832106284116104
447  2.514573172829758
448  0.927649155775316
449  0.927649155775316
450  0.927649155775316
601  2.8365012677171206
602  4.283960244688342
603  3.4474589769712214
604  3.8712666858777975
605  1.4405977256648677
606  1.4405977256648677
607  1.359687570851587
608  1.412707753046456
609  2.9700844220957126
610  2.7490384264667815
611  3.165603395492219
612  0.6307661903342809
613  3.228818690495881
614  0.5283789723547887
615  2.698303973797101
616  4.251538766995965
617  1.5994620704162712
618  1.6896598793878495
619  8.228818690495881
620  1.9682911402726617
621  2.012072832300575
622  2.375170116164342
623  3.150000740533902
624  1.7787583591347431
625  1.9908294141084144
626  1.9908294141084144
627  0.7693870718585837
628  4.1520030934450505
629  4.1520030934450505
630  4.058893689053568
631  4.421463768438277
632  3.3584539709124765
633  0.0
634  0.0
635  2.4689305072740457
636  2.3594818975971377
637  2.8451143980218285
638  2.736965594166206
639  3.9808911770522952
640  2.2921807514933104
641  3.0144995696951153
642  4.413435394682343
643  3.206450877467426
644  3.1844245711374275
645  4.404390255079336
646  4.404390255079336
647  0.0
648  0.9031384607474109
649  0.0
650  4.1735362549946915
