301  31.814750825937658
302  27.3355439956925
303  24.541153336181008
304  39.87999121506537
305  36.467706378265156
306  37.570833334643865
307  37.87290170580939
308  60.970534620480706
309  31.814750825937658
310  39.61994985074329
311  33.80037148808998
312  0.0
313  40.76375478260739
314  36.67774594867377
315  35.854721039003024
316  10.228818690495881
317  38.205447126490064
318  41.84727636035474
319  38.13576665462747
320  42.19100945117643
321  37.46791680940937
322  33.872912641963055
323  10.228818690495881
324  20.100798967636702
325  45.07275319820308
326  28.25614660763565
327  33.203874500911986
328  47.367324440108575
329  44.68808822438824
330  22.33088178934985
331  32.060281080378736
332  47.75770860133289
333  35.74580424470555
334  30.66039419305256
335  36.8527157428778
336  36.14276959392263
337  39.15063081813345
338  31.67913258786328
339  36.521449667174075
340  37.14445329463353
341  35.84167947485677
342  36.27146638889265
343  33.26895577920893
344  34.94329627007422
345  33.203874500911986
346  30.12505303750664
347  42.548320521797365
348  0.0
349  29.500006430661102
350  39.71355702777052
351  42.27735970840209
352  34.49035474016747
353  35.47102244975332
354  35.61592781900412
355  39.51621765203547
356  32.760493604053785
357  31.624824694202513
358  32.10525883610434
359  32.12983340265743
360  36.521449667174075
361  38.79628389286729
362  35.790938033338875
363  40.59603220799122
364  46.08323317482237
365  38.42442300399132
366  33.0500738350474
367  41.74796889914833
368  35.203010158924734
369  0.0
370  23.142502979419234
371  39.89252249153075
372  31.939374755356404
373  30.66039419305256
374  35.045261812722444
375  46.54230392384492
376  32.20305793169041
377  34.75167431380961
378  31.3077421488772
379  37.93631649554856
380  33.31151370322016
381  35.17441771831331
382  46.54230392384492
383  36.521449667174075
384  41.69611274727085
385  38.13576665462747
386  35.22193498561896
387  40.59411557251037
388  32.516293791508524
389  31.56352327069356
390  36.521449667174075
391  50.14202303387353
392  44.52874958496066
393  33.132450778345856
394  33.42826095373927
395  43.91060396185733
396  33.644846742038794
397  40.13505166094732
398  36.475176981349165
399  35.70085309892589
400  44.38408203749813
401  33.70815588837169
402  36.55702227136631
403  0.0
404  46.46901051562475
405  28.894111547059552
406  35.74580424470555
407  42.548320521797365
408  36.2468611890387
409  29.685855073753107
410  36.1440934524794
411  34.02713307875022
412  35.84167947485677
413  40.69964649418782
414  46.1915689905738
415  37.36817454001703
416  39.1707422757664
417  37.45401332636954
418  36.95389329067615
419  40.13505166094732
420  39.5794145648325
421  36.54024733608026
422  34.63721905821728
423  43.664865704690804
424  39.66966815391976
425  39.73618086702793
426  37.64943506338332
427  42.221313247410585
428  40.13520565137211
429  35.74580424470555
430  32.244996547709924
431  44.52874958496066
432  31.0373858773382
433  41.01683802615082
434  43.9956639394265
435  32.91705367961527
436  39.922348883293246
437  37.165862602594565
438  43.91060396185733
439  33.70032735018912
440  35.42460288131526
441  35.74580424470555
442  33.80037148808998
443  38.1244131012001
444  39.654940815609876
445  37.46791680940937
446  40.74323701554526
447  31.88231825777637
448  33.40950656322213
449  33.09551018554477
450  36.045631606696936
601  44.041476599931805
602  50.18859277953919
603  33.203874500911986
604  35.74580424470555
605  32.760493604053785
606  35.680053009640766
607  35.46935297354417
608  47.75770860133289
609  41.164339088728546
610  34.94411359721774
611  38.600243888319895
612  49.35755322659243
613  36.76489598762092
614  23.85615024088638
615  43.37361104467452
616  38.25586614218104
617  46.1915689905738
618  33.26895577920893
619  37.72882512115699
620  37.27622424089587
621  37.46791680940937
622  34.45799058065328
623  37.94472257725453
624  33.08496893138226
625  36.03381161082416
626  27.59886070922603
627  35.80515545046072
628  48.052394698460176
629  48.204263501275435
630  38.81398414223427
631  38.1244131012001
632  37.14445329463353
633  10.228818690495881
634  33.26895577920893
635  39.66966815391976
636  39.93679714107208
637  29.474335184677976
638  33.31262523755267
639  35.52541221154256
640  29.685855073753107
641  42.548320521797365
642  37.12077518006739
643  39.08579021200275
644  35.091013411352705
645  41.74796889914833
646  35.80515545046072
647  35.05325337204268
648  31.63017990718078
649  36.4939509655614
650  47.75770860133289
