701  59.23209853738407
702  82.3334897389319
703  57.76993681718388
704  52.87002483814278
705  77.01878932275149
706  83.29647559837198
707  92.87524685327794
708  83.83314261251446
709  100.96933015584978
710  95.11059428672347
711  48.38133893764117
712  88.3198204459644
713  91.72442911017058
714  71.81598772227427
715  97.77626610261021
716  99.22775109202433
717  77.61209237099011
718  70.18864220137995
719  86.63457108596108
720  65.8241262670888
721  70.89084847648991
722  82.99052653400969
723  71.62200150971128
724  97.0630475297019
725  62.58487978471702
726  105.19037406347059
727  95.20053958369496
728  105.47746418079238
729  98.31780697663986
730  96.11119827281556
731  91.91215626748877
732  98.23908555966175
733  94.0928833963692
734  82.37011802553602
735  90.83912458390809
736  108.36244133928173
737  108.56971319893553
738  98.40507379436815
739  70.4014414537858
740  62.508619142467516
741  67.75836741655839
742  98.69252832708393
743  89.37539063607865
744  92.4038723196831
745  93.90091730767811
746  99.23061358082664
747  61.367383959770535
748  90.52174219002164
749  79.53001187218621
750  66.43219574745697
751  88.09099717779135
752  81.09080087584368
753  98.95374620297545
754  51.67409649005465
755  90.7160575891149
756  90.30526722890966
757  97.06556314805798
758  95.52100607594512
759  97.13259224923961
760  90.16967315487227
761  99.73001691016783
762  64.46792385327969
763  68.53112290356982
764  53.76244246128356
765  101.72314076837029
766  87.96533365995064
767  95.06538332299525
768  64.70992427922916
769  92.44125275985107
770  22.504555336487304
771  98.96431715148444
772  74.98376593355978
773  93.50108496170115
774  93.80054624630415
775  92.10620033581394
776  81.89454646687884
777  80.46041015798802
778  71.84337087640353
779  94.51145925528479
780  87.5342619329798
781  93.08479162648614
782  70.05213217648102
783  93.03812336074213
784  94.51184287860343
785  98.48032715165037
786  90.98500054971058
787  90.36290320730453
788  85.11567461856875
789  90.68875688197056
790  85.42366659895468
791  92.67731990721113
792  42.71505106707517
793  88.36743097277706
794  81.12332072928082
795  92.90267513577207
796  82.97136668204081
797  106.10031103657747
798  83.59144889417954
799  95.31016841429674
800  94.55260098887081
801  98.00538865572938
802  94.59351538276589
803  92.10480405928796
804  99.0560729793449
805  85.5150996893983
806  66.35717044904706
807  95.9760361868467
808  92.4038723196831
809  90.80815104836611
810  100.1388735278768
811  90.70401773263778
812  94.78644639631023
813  96.5318916013398
814  92.93502603908439
815  73.31878186152188
816  106.23439308867407
817  95.43047908279732
818  93.3564136955959
819  82.80677839785814
820  90.33256848966947
821  99.94955752906047
822  93.50479336812198
823  62.39088965717913
824  73.08768179888314
825  77.01878932275149
826  93.19702341778225
827  108.43304010996111
828  90.30794178785003
829  62.09783978875305
830  72.99023875476641
831  88.45267037886117
832  52.747222167650925
833  87.07963616895906
834  87.78195085404272
835  98.91541111716978
836  69.37886995067909
837  96.47362853258558
838  92.44878516580222
839  88.45981774420314
840  103.46052315912578
841  96.8053796273557
842  91.8327190720551
843  107.17718828290407
844  64.62472853321243
845  93.19210426997945
846  88.97124773676258
847  85.46646099129364
848  59.30227920862725
849  94.30209001641494
850  71.31996298795089
