701  2.011783840122397
702  4.3471912361846945
703  2.1024259561493954
704  2.497207501683569
705  3.4081303373295873
706  2.3717011964217463
707  4.03498397181606
708  4.235756266013499
709  4.594952577269097
710  3.959951568218728
711  1.9340058991051094
712  5.18452153523314
713  4.023019252541328
714  3.0733929463754293
715  4.6374764058829285
716  5.63505613748827
717  3.316328142286194
718  3.1682222551848143
719  3.3664478350717673
720  2.7722159099706936
721  2.2384092064903305
722  4.433965995431613
723  3.2247163649894954
724  5.717223164124611
725  2.7760277234309023
726  5.728949277668495
727  5.317752576350189
728  4.264475265415108
729  4.541334292044281
730  5.313492135742176
731  4.413960617224957
732  2.795445474211833
733  6.9009555806936795
734  3.248218506023821
735  3.329404302055233
736  4.140320106297175
737  3.978307946839216
738  6.783514690758047
739  2.7433213504613736
740  2.139516740295854
741  4.151029080404561
742  3.3829039683363837
743  4.725651366404882
744  4.672662856423149
745  7.610163489085005
746  4.607498569777963
747  3.1043978000344454
748  3.464468774154152
749  3.2588146830789455
750  2.57459984177041
751  6.791945910380083
752  3.339601308489817
753  3.1247372025281077
754  2.221233728980942
755  5.310554378331787
756  3.368048880039109
757  6.911002537695981
758  4.627369522669929
759  4.289704777897473
760  3.8649359144749305
761  4.272837514869824
762  2.574042023886239
763  3.270152368360938
764  1.9530788902443375
765  5.3440207401475375
766  5.695037103379189
767  3.1132039334178327
768  2.302693099182471
769  3.666132834896073
770  0.5318803282625505
771  6.319430798820402
772  3.1482417305051773
773  4.600072996637081
774  3.4566527981134865
775  4.430087660084021
776  2.86108660679767
777  3.5116026298121783
778  4.105163470185082
779  3.898147571493856
780  4.603748796442731
781  2.912595254068391
782  3.2218485982892795
783  4.035255713215147
784  7.754783804924842
785  8.194038869915307
786  5.339936712072345
787  5.645552109577519
788  4.29783736401474
789  4.757235704513132
790  3.0127432662289104
791  6.798000416952628
792  1.8138329857054218
793  6.2888872053665565
794  4.406313672938283
795  7.121633307791921
796  3.8480469564787634
797  5.935559147293802
798  4.624196759515986
799  2.6796702049090557
800  4.107269829614939
801  8.41939154565119
802  4.453773000861572
803  4.754818446916827
804  4.061975924026153
805  4.619980549217444
806  2.2946014780409274
807  5.9490818189463255
808  4.356496525530479
809  4.064644004883913
810  6.818080844339436
811  5.209805176940886
812  3.6451949359121434
813  5.452396034134158
814  5.413976722495187
815  3.889420200975892
816  5.372436275106664
817  3.596883556002214
818  3.345505293436999
819  4.892518854486454
820  3.515122248012287
821  5.948853278269634
822  3.6023026252570496
823  1.8885982642855412
824  3.1226875122131568
825  2.550533857645624
826  4.478524904588314
827  5.832796917273532
828  5.558883494503009
829  2.5684190629055883
830  3.2799906655276807
831  3.996273677856889
832  2.226259163961659
833  3.686128974603092
834  3.2693330911161227
835  5.104496703811891
836  3.7930193098619096
837  4.368093867021743
838  4.842937361383023
839  4.695155331625782
840  7.302223577973847
841  3.7363994703387164
842  4.959916977799397
843  6.765258987306465
844  3.8507352585652392
845  3.4773685244959203
846  6.560152076043603
847  3.2445757768809447
848  2.839603954007655
849  5.461560685250597
850  3.609790082571632
