701  2.394685513189937
702  2.861945281910154
703  3.273881422199851
704  2.6201049266926026
705  3.61295411177119
706  2.0800619801261995
707  3.1772599373261188
708  4.670090796613479
709  5.886266690948331
710  4.402845600548822
711  2.6434676628214806
712  4.337590813831074
713  4.385280891522789
714  4.304997815546859
715  3.8641397408939104
716  4.428597856271823
717  4.967277353191277
718  3.541510372460213
719  5.007160541071659
720  2.0751482195550124
721  1.037852542159834
722  5.4520559585729655
723  2.539454471869515
724  3.208600501383065
725  2.9459810299273888
726  8.840654410994798
727  4.072779031793632
728  5.401454397696295
729  6.97629985871458
730  5.610661452392372
731  1.5764592840591767
732  2.344466685596071
733  6.711307318411222
734  1.3438685979474312
735  3.9453300974566132
736  5.1617654286190335
737  4.88059732395616
738  8.105050253442863
739  2.1869215083126026
740  1.9389775762269108
741  3.4357625851870206
742  2.8449590640425257
743  5.563355737614016
744  4.790141957297301
745  8.676972613008424
746  3.0023663800168863
747  1.3764225706117132
748  5.3102903081445065
749  6.031312188246169
750  2.376799702573279
751  5.419098801691616
752  2.267041434080874
753  1.3553994786439096
754  2.145861542460599
755  1.2170141437739341
756  2.5492009465519585
757  0.0
758  5.299684373621283
759  3.6024361184533737
760  10.183581735356151
761  1.1952550623086624
762  1.8163180896786089
763  0.1172660727020203
764  2.5514596207839007
765  7.036213358955881
766  3.8856754359427654
767  3.7250690824353376
768  1.2030569113305616
769  1.0864115522134983
770  0.4674893645243673
771  9.101275544538396
772  1.8487366382108434
773  4.895515779784514
774  1.5241915107547082
775  2.478631352237391
776  1.0361239606100363
777  3.6388335940919987
778  2.4498795990319926
779  1.7977091240745477
780  3.1543944520599894
781  2.1300429162894616
782  3.1621092998241265
783  4.5160275837155615
784  0.0
785  11.456706492780363
786  4.913855844246016
787  5.407583906639681
788  3.025531975994085
789  3.965636405647925
790  9.719936390714139
791  16.27688545519555
792  2.0198849141608535
793  3.601286715433311
794  2.149071225539151
795  11.765923535918171
796  3.7242116026593832
797  7.939047780082883
798  5.16740247870449
799  0.686997326298188
800  4.387191622701077
801  13.691922954474395
802  8.707426144817811
803  1.1641956220274392
804  2.8198777512520725
805  4.543643405777862
806  4.436058367530874
807  9.20006985814472
808  4.1094163454935195
809  5.025770566025633
810  6.392450730420067
811  4.13122327426205
812  5.6512863636766495
813  7.200334376483806
814  1.770789052320353
815  4.438862835002375
816  6.8403690960446175
817  4.847289607241516
818  4.883594319292404
819  0.0
820  1.5022581060504554
821  9.532051617696006
822  3.877307488381172
823  1.749206930649372
824  2.5782350066294213
825  4.214604210003971
826  4.513513910541972
827  9.977677436808273
828  3.951577933066864
829  2.8103206945436963
830  0.21485875543571462
831  4.684235516452143
832  3.241363760272656
833  1.7091624374289265
834  2.0678721009802996
835  4.0177899577933465
836  2.905161382523612
837  1.9958011973940333
838  3.524337549348413
839  6.468696739223713
840  0.0
841  3.334382404225977
842  4.140257920090449
843  4.786654086256408
844  1.7316439734385862
845  1.6941697354533767
846  5.674766568091282
847  4.070778261151402
848  2.573701536711403
849  5.198183237270695
850  2.9267171937916174
