701  0.00021871515176762169
702  0.0007248599412130176
703  0.00030420437457860075
704  0.00032265753383239583
705  0.00043495995361642975
706  0.0003678120499926684
707  0.0005606483770210577
708  0.0007540658032327783
709  0.0025055254833031165
710  0.0005896776075234445
711  0.00019862197792789216
712  0.0005853985257581259
713  0.0014117134206481025
714  0.0004793528473131635
715  0.001251949056208954
716  0.00085272247771297
717  0.0004852070609156043
718  0.000311200617475802
719  0.0012017332827054523
720  0.00019776848515839343
721  0.0002439001070967285
722  0.008602879116553918
723  0.0002951672148464834
724  0.008231305078377462
725  0.00023600620674776268
726  0.0013280590532833661
727  0.0022447718166671905
728  0.0009659535198879328
729  0.0006065427801517584
730  0.0005036088510565001
731  0.00020424814615537125
732  0.0003354156717991856
733  0.00039077895501765284
734  0.00028118381426897273
735  0.0007329092467794452
736  0.0015289770149885615
737  0.0051959168657381635
738  0.002335200317865734
739  0.00024633107426257707
740  0.00028092068484405434
741  0.0002902990523039013
742  0.00020954107797649488
743  0.0011329224443047488
744  0.0005291083293397035
745  0.0009465968233808566
746  0.0003933338431694868
747  0.0007879799751656326
748  0.0006940209732215399
749  0.00013388905625821135
750  0.0002497626510861976
751  0.0006607731750402539
752  0.000276132817628235
753  0.0005340284279525715
754  0.0009199533888390991
755  0.00038432198603198666
756  4.443882955571859e-05
757  0.001705982136631965
758  0.00045671127259258137
759  0.0005819851912499725
760  0.001217260496351833
761  0.00010450706388933613
762  0.0002934178056846062
763  0.00015628801809365763
764  0.0001823296591130946
765  0.0005795138568322949
766  0.0008241114649261087
767  0.0006488161487638974
768  0.00040703197970954464
769  0.0003739682073542704
770  7.423974289676134e-05
771  0.0014169324485545332
772  0.0005428670188002031
773  0.0006935783337155378
774  0.00030167493728753647
775  0.0007539094214454276
776  0.0002256394741802209
777  0.00042137422032278895
778  0.00036721697522694875
779  0.0004946093514456522
780  0.00011129874933006384
781  0.00037994087920778454
782  0.00042551719950433925
783  0.0007170064547830142
784  0.00017531914108692573
785  0.01017378445768105
786  0.0003552107895954439
787  0.00041679936418209977
788  0.00037135207392505155
789  0.000587609751805927
790  0.0008259893206150549
791  0.0009071923037972315
792  0.00019366173513590617
793  0.00011457966138930652
794  0.0005131220151053356
795  0.0012705834962871874
796  0.0005603341966017208
797  0.0017206159164966867
798  0.0024154634016844254
799  0.0004069740522401405
800  0.0006122146378208635
801  0.0008809892444569799
802  0.0014750560916148396
803  0.0021892337212272685
804  0.0003738842641130896
805  0.0006164405110186748
806  0.0002966563811433039
807  0.0005088873144043988
808  0.0007504058399863343
809  0.0009021255650060552
810  0.001856227862877924
811  0.0011896833904789543
812  0.0005529264691820814
813  0.00023210595265611665
814  0.0007963110453132857
815  0.0006805637993340477
816  0.0030904129008462247
817  0.0006846215750177827
818  0.0006394039619903745
819  0.0003179411321280614
820  0.00011931256648340261
821  0.0007424179536703949
822  0.000322448448405657
823  0.00018040071934281862
824  0.0004974803325263058
825  0.000543422258645169
826  0.0005843158324478556
827  0.0006665264492611365
828  0.000529844702467165
829  0.0004546525947747304
830  0.0002117813020348021
831  0.0005591893147283473
832  0.0001750780817168867
833  0.00018621488978205183
834  0.0008263561460843706
835  0.0011007857679775962
836  0.0006451445651886067
837  0.0005001658238915329
838  0.00025622455663980905
839  0.0005160270540191641
840  0.002166330292221113
841  0.000622985008332769
842  0.0007263081947566603
843  0.0010297611976018777
844  0.0003984390904168313
845  0.0003827240715924599
846  0.0008160716834277888
847  0.000449581829202462
848  0.00031022983171929654
849  0.0019011652369058682
850  0.0008469365164878164
