701  1.2241280115312394
702  2.861945281910154
703  0.728814713094326
704  1.0529442580192523
705  2.9415483946765355
706  1.2863273578986425
707  2.132980903146326
708  2.84546576660234
709  3.796050972675694
710  3.076829620097515
711  1.222563374204118
712  4.337590813831074
713  2.8931697381800503
714  3.2181966930115
715  3.8641397408939104
716  2.0790676007273756
717  2.717517120487889
718  2.136842694392351
719  3.276128014897305
720  1.8097769724176296
721  0.6521411180947717
722  5.4520559585729655
723  2.539454471869515
724  3.208600501383065
725  1.1356377939096443
726  4.641839781768932
727  4.072779031793632
728  2.847431257414178
729  2.823217696432595
730  4.40431067108608
731  1.5764592840591767
732  1.6535142891447936
733  6.711307318411222
734  1.3438685979474312
735  1.1535969412457854
736  2.267241126042118
737  2.2374772451903877
738  8.105050253442863
739  2.1869215083126026
740  1.3769021781185806
741  3.4357625851870206
742  1.9089661667565625
743  2.4902199003998775
744  2.3810733447220813
745  8.676972613008424
746  0.5392280722244834
747  1.3764225706117132
748  2.318995417785395
749  2.6524963259497376
750  1.35953288629799
751  5.419098801691616
752  2.267041434080874
753  0.8351319632431372
754  1.77476394760651
755  1.0013478578133082
756  2.5492009465519585
757  0.0
758  3.3624672257597497
759  3.0390696354794042
760  3.556357921536644
761  0.3608283140114625
762  1.6311036527904033
763  0.1172660727020203
764  1.2867078341000218
765  3.6102163974119885
766  3.8856754359427654
767  2.1686941568144924
768  0.9985202323068371
769  0.6767989846875467
770  0.1558297881747891
771  6.266959494764258
772  1.4206772107500727
773  3.118362765947479
774  1.5241915107547082
775  1.278310661576886
776  0.5581649192058104
777  3.2039019181947097
778  2.4498795990319926
779  0.970799552507982
780  3.1543944520599894
781  1.7276793354423894
782  2.642863546896192
783  2.5908769522829393
784  0.0
785  11.456706492780363
786  4.913855844246016
787  5.407583906639681
788  3.025531975994085
789  3.965636405647925
790  1.79452293524459
791  5.872448398891212
792  1.2602798905008836
793  3.601286715433311
794  2.149071225539151
795  6.857846675812745
796  1.605719903494758
797  5.993305128979468
798  3.7253821532632423
799  0.26433508629131763
800  3.109778046838496
801  13.214552616928467
802  3.017744680949279
803  1.1641956220274392
804  2.4564291773588924
805  4.1688172559432415
806  2.6103059929004746
807  6.577566116078927
808  2.0130730181102425
809  4.163623154717105
810  6.392450730420067
811  4.13122327426205
812  2.4937525812113654
813  5.102688823874199
814  1.770789052320353
815  3.6075691556691836
816  3.728995509672442
817  2.3017039565251998
818  2.318025697399964
819  -0.8294446138910009
820  1.5022581060504554
821  5.214461485532381
822  1.5220443831230392
823  1.2917066496136986
824  2.2344007331653546
825  1.8947417121846861
826  2.972528653373034
827  2.864891501219447
828  3.951577933066864
829  1.096520129005467
830  0.21485875543571462
831  2.3627930639968877
832  2.08165444510586
833  1.7091624374289265
834  1.338138238903025
835  2.6613506868455
836  2.085460154369378
837  1.9958011973940333
838  2.51396898758994
839  4.3730062678268995
840  0.0
841  2.2321093389943543
842  4.140257920090449
843  4.786654086256408
844  1.7316439734385862
845  1.3034223168198296
846  5.674766568091282
847  2.993540256613566
848  1.7763775658640546
849  4.199920805497384
850  2.5041967319436615
