701  0.0005421818324109969
702  0.0011198405738485422
703  0.0008836325184254682
704  0.000507471467914831
705  0.0010166957350747268
706  0.0011699277321701891
707  0.001345443551419547
708  0.001695712725241319
709  0.003806210492886959
710  0.001173546251678528
711  0.0003955494212209834
712  0.0009308024639352552
713  0.0025323491643483814
714  0.000745015274605342
715  0.0019614394523321827
716  0.0019857609718020074
717  0.0010356725589932656
718  0.00048316874128323187
719  0.004427434399729788
720  0.0004988198015335915
721  0.0005038001528345844
722  0.016276597688329637
723  0.0004676979665021803
724  0.016276597688329637
725  0.0005314290323500521
726  0.0020155218541168056
727  0.0038760203790331113
728  0.002338430394404025
729  0.0011446754226769698
730  0.0009620305730940264
731  0.00022824458314823085
732  0.0008404653383591099
733  0.0006782919194869173
734  0.0004896955356137075
735  0.0018784848047812648
736  0.002371850237757671
737  0.015370109383574792
738  0.0027636375079228763
739  0.00037760195368054554
740  0.0005118124760304002
741  0.0003884896536913911
742  0.0003276966688397895
743  0.002139989440694175
744  0.000985288990069321
745  0.001062555583231158
746  0.0005214504705572518
747  0.0011517781616939545
748  0.0016537810957765278
749  0.00020053792251466712
750  0.0005189397874482521
751  0.0011276046424615192
752  0.0004828957455301877
753  0.0015188933948745932
754  0.002412036559892162
755  0.0008424050765528508
756  7.94396963962811e-05
757  0.001705982136631965
758  0.0007027941198930715
759  0.001074221644827459
760  0.0035719858008336
761  0.00013455348863289566
762  0.0003742610479587988
763  0.00024282021822417954
764  0.0004243986125609306
765  0.0010187976098335319
766  0.0011724828674386082
767  0.0008003482616087078
768  0.0007452434779643635
769  0.0009630056833157568
770  0.00020053792251466715
771  0.002124966244525806
772  0.001182911727679368
773  0.0008424825366605495
774  0.0005145855575095618
775  0.0021351664878177796
776  0.0003274810368479859
777  0.0007133881181619807
778  0.0004278270279684878
779  0.0009455055628368536
780  0.00014236060132183124
781  0.0009435681017610273
782  0.000603639493151746
783  0.0011877141105550125
784  0.00035063828217385146
785  0.02016621398443395
786  0.0005129442859759882
787  0.0005985958048962499
788  0.0005607025374047433
789  0.0006864669734284013
790  0.0022208194421343185
791  0.0031882451951977505
792  0.0004779334711151499
793  0.00016914059642053763
794  0.0006714086907981496
795  0.001860611745735571
796  0.001586208108178071
797  0.003434422561843651
798  0.006422987445678152
799  0.0013457571999897409
800  0.0012411573425707852
801  0.0015946985758779053
802  0.0025131681340598475
803  0.003550372654163675
804  0.0006022592487550189
805  0.0008879731173753587
806  0.0005220984789926936
807  0.000794749039134097
808  0.001111771766339981
809  0.0018696584139231674
810  0.0029177761954514653
811  0.002101633551434983
812  0.001013580940803724
813  0.0003338305030731865
814  0.0014104965177774143
815  0.0010546746723698265
816  0.005297098924225967
817  0.0019176517976409308
818  0.0018304659270564363
819  0.0005038001528345844
820  0.0001785337798632505
821  0.0009625738070856822
822  0.000838670371756035
823  0.0002606917524897325
824  0.0010968697985077218
825  0.0010546746723698265
826  0.0014830173815270629
827  0.001928007342836734
828  0.0006679008892935175
829  0.0008522759900518422
830  0.00030326743207722965
831  0.0010712662608220965
832  0.0002729687827304807
833  0.0003008499853417976
834  0.00213691687720307
835  0.0026068339112114134
836  0.0009524478152013908
837  0.0008200799386205543
838  0.0006494266487869338
839  0.000847113154838949
840  0.002166330292221113
841  0.0013405372134898076
842  0.0009016632600386703
843  0.0013051099451652471
844  0.000716331852502828
845  0.0008264207344098468
846  0.0009078323591627217
847  0.0008522759900518422
848  0.0003955494212209835
849  0.0034769075799168797
850  0.0014104965177774147
