701  38.693182206003605
702  70.16281424725881
703  40.245756668318464
704  45.52851938516602
705  60.67744577654652
706  44.444295930601434
707  66.3226037505711
708  65.07500943624359
709  74.32978490863078
710  70.20676633004418
711  37.458716672489075
712  77.65508097290225
713  67.91681163442857
714  55.38967647796396
715  75.02557225037881
716  81.27963809004147
717  55.78054130513463
718  55.24105371392934
719  57.60941645489678
720  50.25465920356893
721  43.68255883088778
722  75.16451451062713
723  56.23090623301148
724  90.0267870318558
725  50.61101409801258
726  87.26958089781199
727  81.32525500697452
728  73.37958173158178
729  64.60391442720281
730  78.79133792507537
731  63.40561518194674
732  50.215515595855216
733  90.09008474852413
734  58.49828032358085
735  57.15490795314906
736  68.12593937744782
737  67.34446914006017
738  96.08233774139228
739  52.43901655771331
740  39.94619717659663
741  66.94593144157767
742  57.92021408018149
743  69.52874675469907
744  74.49089175784651
745  90.92740795572182
746  72.36967517893135
747  54.301765455820885
748  62.108086896678834
749  56.32866238009848
750  45.80605802191104
751  82.49175757290385
752  59.5092848986868
753  50.454854044219225
754  41.74906249445629
755  77.10326782757069
756  56.328994622099415
757  97.06556314805798
758  73.05144003962023
759  65.4648900829666
760  61.730250254353145
761  66.40485047601912
762  46.777404082333284
763  59.113634935458336
764  36.13757792375509
765  79.08529823718314
766  87.91124600070036
767  55.7979578500707
768  41.89173858686278
769  54.91050010760454
770  10.874024968947452
771  93.97412163402191
772  55.89348219958881
773  76.18957935006512
774  62.05244226217067
775  68.8184111070449
776  52.22451702236774
777  60.60935983283754
778  67.24246610075284
779  56.75898744719552
780  64.98202185696036
781  49.62368228448977
782  55.1260905731287
783  68.8120116026899
784  81.97253053493853
785  96.88088141279962
786  75.69093068315796
787  83.51300613815636
788  71.60875464656569
789  77.55826378700641
790  51.02137319611646
791  68.8966389350472
792  35.274398835007105
793  80.97730810622178
794  74.57451412755744
795  81.46979208784303
796  63.14287276520672
797  90.21635108799482
798  74.43269912382875
799  46.892492862886854
800  70.0207685640933
801  95.9259348136015
802  74.2085749532251
803  58.68712497818295
804  67.3524429236006
805  73.79014419005858
806  39.97756154078922
807  85.72807928276173
808  70.76605741221968
809  70.6473665692027
810  96.47056965289637
811  74.49714682828505
812  61.30102009986756
813  80.46256927133726
814  80.02162503760233
815  64.60543820141554
816  78.89800096511549
817  58.749975854803736
818  51.54113157156812
819  76.84881343717402
820  58.43189703548579
821  78.45841771285023
822  54.482817176013896
823  36.1665479979485
824  54.12496204159561
825  46.25404353946716
826  70.58181071815063
827  79.58769332550219
828  78.91560161030105
829  45.567373537390914
830  59.31136617947598
831  63.076319930912426
832  42.41773489945979
833  56.8831813478367
834  56.46020599008218
835  78.12522141303852
836  64.9786468671597
837  65.68635131449516
838  76.9474400226935
839  74.24709772296218
840  103.46052315912578
841  58.06215747499228
842  72.39768093594586
843  100.27248942337647
844  63.741837696486016
845  57.91295382997007
846  88.69052702616753
847  53.266012086399016
848  51.356504299308426
849  80.63637391736918
850  63.32047597583204
