1  88.07832111678309
2  89.81257154927567
3  43.36105048323505
4  98.10898496644346
5  76.65297534983054
6  95.93144380212499
7  45.52688960886673
8  103.53159159175415
9  53.11147698868962
10  82.9468487757212
11  116.91530471779778
12  98.59359522973419
13  32.47586056314987
14  102.9937014119659
15  105.75015591527314
16  62.929235495551204
17  107.50590429532649
18  73.13746672733625
19  23.06303501651937
20  71.04511583533946
21  112.7501666436666
22  77.66396502092853
23  73.26385110376376
24  61.52981606347843
25  109.46580873217533
26  52.2772642987166
27  107.86711677746011
28  125.25500638563646
29  100.13722629051348
30  85.73163848866743
31  117.24804658481591
32  53.41765120636619
33  98.48372614406674
34  63.40492730610487
35  108.39777913746697
36  92.55535843149754
37  86.672395548665
38  67.43587540126937
39  109.25499143575902
40  51.84669785962685
41  61.21892278323118
42  50.151554767632085
43  59.48635506227191
44  32.47586056314987
45  85.92404044476176
46  99.36054762995549
47  105.2940646756413
48  96.50694878599086
49  83.6131104243099
50  67.43587540126937
51  94.70594660245744
52  113.9790971824299
53  67.71406962494171
54  52.865233893461415
55  69.48154387248616
56  106.92940991555558
57  76.22148603807551
58  93.13787364625146
59  84.35859060629271
60  100.54476306867056
61  99.2586789993135
62  81.92734488654457
63  92.744628661623
64  108.83146314229347
65  85.0130955459764
66  64.03852242093706
67  98.11915779213136
68  109.37088448136214
69  100.94091468159172
70  35.960291032845674
71  66.11518137136892
72  60.1037145182487
73  82.3966713980679
74  97.61268133171906
75  110.42512190044214
76  56.49757317371249
77  106.06997345779656
78  77.12101359202961
79  87.1116052339961
80  85.8705993848916
81  95.58502833370191
82  62.246594096430535
83  60.27420214662242
84  77.57086020194978
85  88.62978821839408
86  96.75706556309477
87  71.5890068954416
88  92.94340689094271
89  113.1864502359156
90  102.32171354459008
91  87.67748243248751
92  57.862052786254864
93  107.63849583139331
94  96.37994204342249
95  59.211334680401
96  82.78082790525981
97  65.32826022571443
98  83.21658520316942
99  76.31419030266233
100  100.37362769175358
101  97.08610193799231
102  95.80939526901706
103  102.34382179239137
104  64.16005984795362
105  97.73805775462623
106  50.61484451382677
107  87.33865296143715
108  104.3784230113733
109  93.90474100125287
110  74.40500438245192
111  107.08448416568825
112  104.72503253548409
113  96.99879120337059
114  81.8858998383365
115  65.82329006814464
116  85.88553463026207
117  109.84051207509887
118  94.07585025265023
119  60.23911368441717
120  57.506955806740066
121  60.85692609510915
122  101.86231544259897
123  99.7497861875401
124  105.17476131809619
125  102.48395195784208
126  80.39331301340883
127  103.65133495451502
128  97.50074514468274
129  82.22937838071711
130  108.89774151576157
131  54.93053112856945
132  66.61825275642978
133  54.93053112856945
134  104.82324919497165
135  97.29714314063744
136  57.15833642237734
137  88.74400002735169
138  106.55758072523868
139  75.13301314510007
140  68.79368117682463
141  109.69025732447999
142  64.21895579303084
143  94.26388541805908
144  106.40989297594578
145  86.61626249675857
146  96.940711572751
147  90.306095196591
148  106.6579434694445
149  101.75642735815056
150  81.92734488654457
151  89.7438907493163
152  100.38530075303338
153  107.9776105474846
154  109.09847300149671
155  93.39524005879782
156  72.00172749159995
157  105.67894363190031
158  107.25306576639103
159  98.80424185999911
160  89.50334824605628
161  77.43934794115343
162  111.9739062985092
163  73.68640666241407
164  79.86830410964471
165  100.15729537620581
166  30.882642361560624
167  99.83173894806295
168  93.85859061998956
169  65.02187976908584
170  110.49812282947737
171  75.53295037401978
172  108.42294405946043
173  95.43045805155849
174  52.535815956662695
175  94.55853741568951
176  69.71710321675968
177  60.09090032985251
178  99.91210674390072
179  45.61797906666679
180  99.32758968659046
181  90.75551151628949
182  74.9517023420589
183  75.2884298054231
184  57.29591048858797
185  53.00650006102021
186  109.93797049349755
187  104.78873698437813
188  49.349825534590586
189  106.68536885428645
190  77.34025774419405
191  92.38598088386514
192  97.69011640606692
193  71.01302846298896
194  80.66399477980205
195  96.91069888909738
196  89.94634782083067
197  74.63910771966256
198  96.82208436817086
199  90.7147734940765
200  75.11609218473544
