1  5.899990167518749e-05
2  0.0003091893654457411
3  1.2207243334959042e-05
4  0.0004739755985026446
5  6.201465765008312e-05
6  0.0014013255345073183
7  1.662466501298414e-05
8  0.0009334729423156479
9  4.0601150213908884e-05
10  6.121428622031903e-05
11  0.0007852869425673069
12  0.00033787593845413505
13  1.9238069503958982e-05
14  0.0012512832403772155
15  0.0001412243480097967
16  5.6324456639027025e-05
17  0.001260701753917761
18  8.592453768193957e-05
19  2.7418714574529577e-06
20  0.00011441080143103778
21  0.0027171430168278893
22  6.28064265294589e-05
23  9.712851337828756e-05
24  5.255030142965698e-05
25  0.0015981130438442195
26  1.7045750489634184e-05
27  0.0012678774678611133
28  0.004077555747965499
29  0.00014467737701447371
30  0.0001537993633443306
31  0.001577069646899863
32  2.0100833986587706e-05
33  0.0005700827558677028
34  9.529313337427645e-05
35  0.0013285927274523039
36  0.0005037286819753527
37  0.00028105530072971424
38  0.0001155816730830151
39  0.00047242431794411823
40  0.0013875652387068643
41  4.1621051420766815e-05
42  2.3408625497392963e-05
43  7.551817855562933e-05
44  9.941993607810126e-06
45  0.0002368773478117615
46  0.0008354987103469042
47  0.0008189251739599796
48  0.00029559664131130584
49  0.00012863625229117914
50  0.00010492992928591951
51  0.00027820126913181053
52  0.002811091503310833
53  4.983211214484479e-05
54  8.448268739052041e-06
55  6.0531853441078855e-05
56  0.00017377190089685823
57  9.833860193534951e-05
58  0.0005587428546837457
59  0.0002505414167777609
60  0.001840021239946553
61  0.00042799636702479693
62  9.976772562494524e-05
63  0.0004000981769143135
64  0.001433427977231804
65  6.978615054517099e-05
66  6.274881371306281e-05
67  0.00012992821757131396
68  0.0013459241309010971
69  0.0003951377440022194
70  1.431834076846653e-05
71  3.0507638405762476e-05
72  4.466730460246659e-05
73  0.00010794603369111232
74  0.0013716111037732931
75  0.0006505237084887641
76  6.157168927797313e-05
77  0.0018531848520271098
78  9.14827781096748e-05
79  0.0002806224861090549
80  0.0001874873404133264
81  8.902299903875853e-05
82  4.637474236941875e-05
83  2.278734476051744e-05
84  9.845855824581193e-05
85  0.00013939233983990975
86  0.00019596680302559415
87  3.399340598863583e-05
88  0.0001360023964025287
89  0.001880765297986069
90  0.0013252567712582336
91  8.546349085766589e-05
92  4.343722508588219e-05
93  0.002636530506116999
94  0.00027395924841860903
95  1.9160010768069904e-05
96  0.00016038622664685275
97  2.498860380754476e-05
98  0.0001720876136562193
99  0.0001526463824830458
100  0.0007053175545776162
101  0.00013513770603338808
102  0.0002719118773011951
103  0.0007376841500972984
104  5.483852047257625e-05
105  0.00022531716501258638
106  2.2046233337786103e-05
107  0.00011700858346266971
108  0.0005236431127058429
109  0.00030610841052945156
110  0.00013176023904779225
111  0.0004668787425731092
112  0.00029466801295189736
113  0.00015744818319955107
114  6.873855208812172e-05
115  7.355711756067887e-05
116  9.708351426955381e-05
117  0.0004480423853862806
118  0.0001736472804704083
119  4.067080929034194e-05
120  6.944821898539322e-05
121  2.019818462731613e-05
122  0.0002890266616581063
123  0.0002674368577909595
124  0.0003334740472339121
125  0.0002610156528243231
126  0.00020346190269317476
127  0.00038893406860441887
128  0.00016877657766496874
129  8.845886351918118e-05
130  0.0006303025641237722
131  3.389934083234124e-05
132  2.7764452335725094e-05
133  1.916086487728636e-05
134  0.0005697306619103432
135  0.0002861320106833726
136  1.66023488720837e-05
137  0.00014821642977004792
138  0.0009264742220464199
139  4.333003965911029e-05
140  1.979867692731662e-05
141  0.0011726208793503695
142  7.040328161223051e-05
143  0.00039018488491153756
144  0.000821890744233522
145  0.00017357766563716703
146  0.00029961392474880537
147  0.0001165049983932513
148  0.0005101488355201278
149  0.00015004912028717505
150  0.00012954800245328343
151  0.00049942002636972
152  0.0003719646293677689
153  0.0029834425648886504
154  0.00044007107203730824
155  0.00020777790999548709
156  5.4352201121523696e-05
157  6.720350136167478e-05
158  0.0007090961937778886
159  0.00119869484313083
160  0.0004278524887182057
161  8.420672087787435e-05
162  0.0012367578686081732
163  0.0001499604372082208
164  0.00012386588268449916
165  0.0005499983612852209
166  1.589804619309691e-05
167  0.0015184520846891199
168  0.0004250303451334296
169  2.2402818672716312e-05
170  0.0019931018263466163
171  4.908082907210292e-05
172  0.002461274795764237
173  0.0002479348234105474
174  3.7495867869913175e-05
175  0.00020419324824854382
176  4.125653572185721e-05
177  2.7487359414506423e-05
178  0.0006240542879842705
179  1.1917169674658405e-05
180  0.00032444840149781467
181  0.0001892533388145339
182  9.359864014791357e-05
183  5.778550668403238e-05
184  1.3293332114663498e-05
185  2.9316700258873865e-05
186  0.0013313100884232128
187  0.0018665920463523946
188  4.882524716116721e-05
189  0.00011024020233554831
190  9.349822376310077e-05
191  0.0003293078366472064
192  0.0003953247783110813
193  0.00011000472283534547
194  0.00010573776188159456
195  0.0242312903827027
196  0.0003123795768020256
197  0.00012634999810468995
198  0.000365241934414572
199  0.0011437281443835885
200  6.709418267279191e-05
