1  59.77617532706277
2  74.96137153369497
3  39.444382024220886
4  98.10898496644346
5  62.22925876951554
6  95.93144380212499
7  34.27272911090896
8  103.53159159175415
9  38.22108146179365
10  64.67967426153533
11  82.8372146009434
12  98.59359522973419
13  32.47586056314987
14  102.9937014119659
15  76.04795124036256
16  56.271777162494494
17  96.7379090740063
18  65.12639626685421
19  23.06303501651937
20  71.04511583533946
21  112.7501666436666
22  76.38620914552283
23  73.26385110376376
24  61.52981606347843
25  109.46580873217533
26  46.25318725129049
27  107.86711677746011
28  125.25500638563646
29  54.499588484542166
30  60.32410364661579
31  117.24804658481591
32  39.41014541538099
33  89.75552636775211
34  56.37737642034773
35  108.39777913746697
36  92.55535843149754
37  85.35820725217641
38  63.52673940813785
39  86.727289915391
40  51.84669785962685
41  49.74484124766107
42  49.750169975543145
43  57.9919641179922
44  27.638606860313228
45  77.16222905002616
46  73.23151409115229
47  78.12284059595952
48  82.30701014485177
49  56.478228961676955
50  64.14469103526194
51  83.52543714318284
52  113.9790971824299
53  57.537452300978885
54  34.43506463708374
55  69.48154387248616
56  92.83321203352851
57  60.43469311871188
58  93.13787364625146
59  61.061043916414995
60  100.54476306867056
61  99.2586789993135
62  66.38797375424538
63  92.744628661623
64  108.83146314229347
65  61.39731070106803
66  49.378100052485124
67  68.2922485243316
68  109.37088448136214
69  77.83860279660169
70  35.960291032845674
71  47.00887425166108
72  60.1037145182487
73  64.9087872338698
74  97.61268133171906
75  110.42512190044214
76  53.6834137637055
77  106.06997345779656
78  77.12101359202961
79  87.1116052339961
80  61.864291472193656
81  95.58502833370191
82  62.246594096430535
83  60.27420214662242
84  74.92274233523614
85  74.63409442516317
86  94.61402148276409
87  60.4688960394479
88  79.42105768531772
89  113.1864502359156
90  102.32171354459008
91  72.59221911961379
92  57.862052786254864
93  107.63849583139331
94  96.37994204342249
95  39.406989176488516
96  82.78082790525981
97  51.07807654746945
98  83.21658520316942
99  76.31419030266233
100  85.42257431693952
101  73.56077109797118
102  75.36922980695657
103  90.12831110970633
104  50.576200981194944
105  53.43037363875325
106  43.3635256317008
107  67.3135710100012
108  87.56280307292394
109  77.89029429892616
110  53.44043247280089
111  87.2601797834788
112  75.6211282504162
113  86.53059225160526
114  59.88913402697949
115  61.73359713733374
116  59.90031500176433
117  84.75008170538545
118  65.25331021653243
119  56.43721063939593
120  57.506955806740066
121  50.44333399292007
122  73.27937850399157
123  79.36676613071178
124  69.0561551409837
125  95.81789178409014
126  56.43458678827935
127  74.62334718405499
128  83.98625685700485
129  55.7323201447107
130  74.20656812197558
131  48.99579268195324
132  50.91970847726052
133  43.859218884321656
134  76.94205923765027
135  67.67639103803144
136  41.399786829741274
137  60.50777576343171
138  69.16145081620327
139  51.723207952973105
140  45.60295356990289
141  81.63878634755683
142  49.72580334192986
143  60.7130370223629
144  75.32155337269215
145  81.34720994659209
146  64.93764674783678
147  56.03521642560184
148  90.35529421516232
149  66.3767741053897
150  77.33728898558557
151  89.7438907493163
152  96.04155770223194
153  107.9776105474846
154  109.09847300149671
155  78.37421799666672
156  53.87593994996323
157  73.85674441829687
158  68.29820663271752
159  98.80424185999911
160  89.50334824605628
161  52.581695018666245
162  111.9739062985092
163  73.68640666241407
164  61.28573540919905
165  78.87041245504996
166  30.882642361560624
167  99.83173894806295
168  93.85859061998956
169  58.215176020384654
170  110.49812282947737
171  71.7597701062983
172  108.42294405946043
173  87.43945154551095
174  47.005734489577655
175  65.34943581737774
176  62.72366814384709
177  35.86035701556007
178  97.34816795840182
179  35.57210730080823
180  81.76358904080672
181  64.72218432453298
182  64.5708109665892
183  57.56295763928792
184  44.931835951959776
185  43.47779003520145
186  109.93797049349755
187  104.78873698437813
188  38.79219835040081
189  64.76300811139504
190  70.89764866769643
191  88.06279483978307
192  77.0248480751535
193  65.41201002548151
194  59.14773922670514
195  78.45903567593035
196  88.76516577613799
197  54.803908193477525
198  60.63402534264873
199  90.7147734940765
200  64.10660254155141
