1  3.2980393319159833
2  4.812418412479355
3  2.1965526068712187
4  5.958514425399961
5  3.721046074168874
6  6.768207443778272
7  1.8131652957093929
8  6.017198470466857
9  2.095754160428671
10  3.610713538636678
11  5.254611406208151
12  5.554028329289507
13  1.652124586350747
14  6.0972404807234435
15  4.447438529416818
16  3.143900833359773
17  5.696436506355351
18  3.8169085976010315
19  1.18937417350617
20  4.226841941660285
21  7.148799559290617
22  4.842609501535047
23  4.207278946520559
24  3.556814308379918
25  7.242838799579359
26  2.5583895194483413
27  6.902124441602743
28  7.719885961133628
29  3.2234891498461558
30  3.347800854269126
31  7.230634659992233
32  2.1491056516242444
33  5.910899966874893
34  3.040601890851737
35  7.1308675256609595
36  5.401617982478058
37  6.354840408582482
38  3.4733243178911284
39  5.184722395413146
40  15.607411231875215
41  2.766669768165836
42  2.65091060069277
43  3.346227727869052
44  1.3615841931960189
45  4.460941740905072
46  5.091871082183333
47  4.821810148174813
48  4.999165847460896
49  3.4409438593065924
50  3.495792805525874
51  5.753968450776919
52  7.867293189042088
53  3.290823333488102
54  1.7424334522511986
55  3.8871669735876493
56  5.98546008664229
57  3.581765362591974
58  5.543207389447583
59  3.6161664654007324
60  6.536485286889706
61  6.080325253067759
62  3.9422245655957755
63  5.834601821714484
64  6.820814869984409
65  3.4256663998156105
66  2.6415150185555976
67  4.990730205351266
68  6.946345752068267
69  4.801338308863025
70  1.90205963584216
71  2.5775268371650566
72  3.2104319123232288
73  4.062198210501355
74  6.417092683933399
75  6.395036444307948
76  3.0524956497346185
77  6.9132274885420655
78  4.3016914538220705
79  5.265114285924649
80  3.652001542473224
81  5.413885871374
82  3.524064877956149
83  2.9479504306453714
84  4.549216906228317
85  4.83228021485028
86  6.31402724787104
87  3.530760495547185
88  5.3307348054399935
89  7.33594820397084
90  7.73704651229181
91  4.600112601481038
92  3.210806450693357
93  7.042880631058873
94  5.666657184400413
95  2.2606830324459444
96  4.7024756097801665
97  2.7285889110337456
98  4.835756703734669
99  4.256803488483374
100  5.665738316702579
101  5.069522850363432
102  5.596021326620512
103  6.514732643152539
104  2.8341577413142915
105  3.0652159140150252
106  2.329013716894723
107  4.175684186989792
108  5.964417368215021
109  4.88853606914091
110  3.1007720477333933
111  5.06859720274235
112  5.011696493712886
113  6.318520055372674
114  3.482769655385218
115  3.7164042191009634
116  3.3759868589546866
117  5.220673017138527
118  3.9523747821906543
119  3.273440180113116
120  3.1148069274885315
121  2.932387192426294
122  4.946598216238068
123  5.293718991661346
124  4.760430377034423
125  6.545482386629761
126  3.299235169209507
127  4.754907541803511
128  5.8874565403678565
129  3.2603600362550873
130  4.622425573298335
131  2.7689374061482948
132  2.8595607399776646
133  2.4564476546674396
134  5.027012191820304
135  4.0642270611988796
136  2.147767863069343
137  3.6045004178912543
138  4.667417121875441
139  2.977785105164495
140  2.531510076006887
141  5.205095865073634
142  2.651136155897967
143  4.0742466988456485
144  4.701902545938738
145  5.470303678207501
146  3.9456306660823146
147  3.46895653331018
148  6.874187819973511
149  4.335578336055656
150  4.850504956913641
151  7.766947998005673
152  7.485207014138629
153  7.3785925413793345
154  6.467859879476421
155  5.2467462152615045
156  3.002978402126938
157  4.216115452573221
158  4.1833673422123905
159  7.779592207257895
160  5.287061948258718
161  3.0534874624235946
162  7.331286826600977
163  4.2057850314039005
164  3.9025900890240908
165  5.0888476173244035
166  1.5507057861903777
167  6.074860492590948
168  7.522071562517846
169  3.167503898681358
170  6.837242911771788
171  4.585200230270491
172  7.008986471347496
173  5.46014644562107
174  2.504820374585593
175  5.559747750202437
176  3.8905106375220613
177  1.9485124406661867
178  6.739231408012419
179  1.874134887028708
180  6.219840037574516
181  3.6722187890904516
182  3.7747345632526796
183  3.318567392182319
184  2.4828246102354847
185  2.3244448694006468
186  7.200568477219914
187  6.74756588795377
188  2.0657947034588857
189  4.043918112305481
190  4.602856657408049
191  6.019684066518831
192  4.657406691659181
193  3.791173720727888
194  3.2265219395933804
195  5.092183431930867
196  5.922152662309433
197  3.1786591498687273
198  3.9249382332530907
199  10.494711099125853
200  3.7283457252328236
