1  179.3285259811883
2  299.8454861347799
3  78.88876404844177
4  98.10898496644346
5  124.45851753903108
6  95.93144380212499
7  102.8181873327269
8  103.53159159175415
9  114.66324438538095
10  129.35934852307065
11  248.51164380283018
12  98.59359522973419
13  32.47586056314987
14  102.9937014119659
15  152.09590248072513
16  168.8153314874835
17  193.4758181480126
18  195.37918880056264
19  23.06303501651937
20  71.04511583533946
21  112.7501666436666
22  152.77241829104565
23  73.26385110376376
24  61.52981606347843
25  109.46580873217533
26  138.75956175387148
27  107.86711677746011
28  125.25500638563646
29  163.4987654536265
30  120.64820729323158
31  117.24804658481591
32  118.23043624614297
33  179.51105273550422
34  112.75475284069546
35  108.39777913746697
36  92.55535843149754
37  170.71641450435283
38  127.0534788162757
39  173.454579830782
40  51.84669785962685
41  198.97936499064429
42  99.50033995108629
43  115.9839282359844
44  82.91582058093968
45  154.3244581000523
46  219.69454227345688
47  156.24568119191903
48  164.61402028970355
49  112.95645792335391
50  128.28938207052389
51  167.05087428636568
52  113.9790971824299
53  172.61235690293665
54  103.30519391125122
55  69.48154387248616
56  371.33284813411404
57  120.86938623742375
58  93.13787364625146
59  122.12208783282999
60  100.54476306867056
61  99.2586789993135
62  199.16392126273615
63  92.744628661623
64  108.83146314229347
65  122.79462140213606
66  197.5124002099405
67  136.5844970486632
68  109.37088448136214
69  155.67720559320338
70  35.960291032845674
71  94.01774850332215
72  60.1037145182487
73  129.8175744677396
74  97.61268133171906
75  110.42512190044214
76  107.366827527411
77  106.06997345779656
78  77.12101359202961
79  87.1116052339961
80  123.72858294438731
81  95.58502833370191
82  62.246594096430535
83  60.27420214662242
84  149.84548467047227
85  223.9022832754895
86  189.22804296552818
87  120.9377920788958
88  158.84211537063544
89  113.1864502359156
90  102.32171354459008
91  145.18443823922757
92  57.862052786254864
93  107.63849583139331
94  96.37994204342249
95  118.22096752946554
96  82.78082790525981
97  102.1561530949389
98  83.21658520316942
99  76.31419030266233
100  256.26772295081855
101  367.8038554898559
102  226.1076894208697
103  270.384933329119
104  151.72860294358483
105  213.721494555013
106  173.4541025268032
107  201.9407130300036
108  262.6884092187718
109  311.56117719570466
110  106.88086494560179
111  174.5203595669576
112  302.4845130016648
113  259.5917767548158
114  179.66740208093847
115  185.20079141200122
116  239.60126000705733
117  169.5001634107709
118  195.75993064959727
119  112.87442127879186
120  57.506955806740066
121  151.3300019787602
122  219.8381355119747
123  238.10029839213533
124  207.1684654229511
125  191.63578356818027
126  112.8691735765587
127  223.870041552165
128  251.95877057101455
129  222.9292805788428
130  148.41313624395116
131  146.9873780458597
132  152.75912543178157
133  131.57765665296498
134  230.8261777129508
135  135.35278207606288
136  124.19936048922382
137  181.52332729029513
138  207.48435244860983
139  155.16962385891932
140  182.41181427961155
141  244.91635904267048
142  149.17741002578958
143  182.1391110670887
144  150.6431067453843
145  162.69441989318418
146  194.81294024351035
147  224.14086570240735
148  271.06588264548697
149  265.5070964215588
150  232.0118669567567
151  89.7438907493163
152  192.08311540446388
153  107.9776105474846
154  109.09847300149671
155  156.74843599333343
156  107.75187989992646
157  221.5702332548906
158  136.59641326543505
159  98.80424185999911
160  89.50334824605628
161  157.74508505599874
162  111.9739062985092
163  73.68640666241407
164  122.5714708183981
165  236.6112373651499
166  30.882642361560624
167  99.83173894806295
168  93.85859061998956
169  174.64552806115395
170  110.49812282947737
171  143.5195402125966
172  108.42294405946043
173  174.8789030910219
174  94.01146897915531
175  130.69887163475548
176  125.44733628769418
177  179.30178507780036
178  194.69633591680363
179  71.14421460161645
180  163.52717808161344
181  129.44436864906595
182  129.1416219331784
183  172.68887291786376
184  134.79550785587932
185  86.9555800704029
186  109.93797049349755
187  104.78873698437813
188  116.37659505120243
189  194.28902433418511
190  212.69294600308928
191  176.12558967956613
192  154.049696150307
193  196.2360300764445
194  177.44321768011542
195  156.9180713518607
196  177.53033155227598
197  164.41172458043258
198  181.90207602794618
199  90.7147734940765
200  192.31980762465423
